Name, Epoch, Angle, Mtotal, Impact_velocity, Gamma
FALL68, 42894.58, 50.270137849743839633, 3.297398060217527386, 1.001476589517172799, .013482545795743204
FALL93, 50955.32, 41.151872703464344838, 3.325989085040688575, 1.003257930590812181, .008596247338931503
FALL7, 125531.97, 70.359348685654341093, 3.344031893683881063, 1.002055800217610602, .005395525286149745
EMBRYO40, 425504182.73, 47.975829339257291560, 4.216100070106416275, 1.007288056867029229, .052450635661633914
FALL57, 426454213.70, 60.038666051777371986, 4.255788700014084506, 1.068539721479840034, .009325798977278156
FALL72, 476066530.70, 39.565950718677885961, 4.277427873259780907, 1.105865501255085307, .005058921829598387
FALL2, 48033910.86, 24.725189488237535262, 3.432267149909233175, 1.017399726544229097, .012793091050392349
FALL43, 488718420.95, 74.103137473806810774, 4.300996112338028168, 1.042069018944672521, .005479716432652317
FALL14, 51017348.07, 44.662434928901546917, 3.478266729971830985, 1.013879060938120094, .013224856985873058
FALL17, 9265035.96, 73.539219492111801887, 3.388357843749608763, 1.009117029185162753, .013081838491281084
EMBRYO15, 96906566.65, 20.440017642692029420, 3.562057502602503911, 1.006577432022664516, .023523138682158829
FALL79, 97652800.16, 64.845327681334964545, 3.579390922338028168, 1.072807930828243563, .004842561237384282
FALL45, 105070677.02, 88.116406138816478578, 3.615693582483568074, 1.014806265312030619, .010040303282292849
FALL40, 146043673.26, 49.248405179871437553, 3.659329816297339592, 1.035013730195353223, .011924651780853840
EMBRYO27, 155279420.71, 38.411623109396235803, 3.824531250687010954, 1.068408089397531355, .043195211010089362
FALL9, 205255408.80, 30.909404839991159011, 3.858881258621283254, 1.035948910543014780, .008901545714275275
FALL75, 238208461.13, 51.980640816754266086, 3.892276625580594678, 1.043076745832482054, .008579905841806665
FALL98, 253850196.65, 43.732286606489362401, 3.914633613208137714, 1.090700807463293346, .005711131572819416
FALL55, 272661756.91, 27.704302830977054440, 3.958811302488262910, 1.030015579724177022, .011159331906614958
FALL50, 283247834.37, 81.511281020133022878, 3.994962941416275429, 1.027577670859078284, .009049305200939204
FALL4, 14336798569.73, 6.423437755037890534, 5.758830438672926447, 1.365195372208455909, .003944491864937776
EMBRYO11, 17893737762.72, 70.552900619881052903, 5.848402263960876368, 1.247861307677268374, .015315606082692181
FALL77, 21010973572.86, 14.549393095506896216, 5.869539303117370891, 1.705791537118157814, .003601141088484318
FALL90, 22623250300.87, 82.019136788280641742, 5.944409679320813771, 1.199950503727456451, .004776636031211963
FALL100, 1306343864.27, 47.538759058560892120, 4.420470578582159623, 1.044306874827797249, .007168660421707216
EMBRYO31, 1358503459.59, 43.063957062208136023, 4.492081412588419405, 1.011951975277026638, .015941570827475603
FALL66, 1359050072.92, 53.543237254262279723, 4.519305409680751173, 1.049081230209376586, .006023933906749378
FALL36, 939718729.91, 38.970407408356426063, 4.363675401032863848, 1.019425663303947695, .007058666892153918
EMBRYO30, 1891188778.91, 47.205631002743280821, 4.833621351065727698, 1.033199275965583121, .046412804282628710
FALL78, 1979088953.07, 36.661805851849109098, 4.882130900503912362, 1.013633146169827734, .009936142726129655
EMBRYO28, 2058161078.10, 56.202447323723491532, 4.928499051286384976, 1.175178460135261345, .009408168754820006
EMBRYO20, 1614802270.48, 15.596203929158846583, 4.609279429322378716, 1.032608412085041833, .019520192042286315
FALL25, 3023380904.35, 27.898158771750095609, 4.953807732981220656, 1.118357073618462618, .005108934996562709
FALL24, 4527521835.82, 16.189519212902348149, 4.972805247028169013, 1.077747014012654616, .003820281129081356
FALL99, 5146254086.96, 70.417270906792891484, 5.078081673361502346, 1.101563668720798401, .008146736261647392
EMBRYO4, 5419355170.47, 37.001995766639254506, 5.214246232596244130, 1.049585202182525271, .026113948815918059
FALL19, 5538383844.92, 32.887341038095285979, 5.240788941219092331, 1.086140898696854409, .005064639869872147
EMBRYO16, 5561281654.13, 22.153992561137212831, 5.328368063948356806, 1.100116749718638487, .016436387591507286
FALL18, 4961528198.43, 64.775711834508485439, 5.036711881248826290, 1.229788002356707405, .005283159578841247
EMBRYO5, 7156533127.57, 54.959875375615716100, 5.505681638996870108, 1.053530481385334879, .017704667388017441
FALL32, 6505506563.12, 79.668120564805912253, 5.351200149982785601, 1.411024900629081232, .004266722491122340
FALL15, 6513447453.03, 27.906213293685463809, 5.379133928965571204, 1.446652416885989582, .005192988192622950
EMBRYO23, 8629028012.06, 20.005652809838731816, 5.710378470035993739, 1.025346330445364094, .020038472235439035
FALL13, 8274820630.54, 75.028557938392040236, 5.578407654242566509, 1.264235890205290054, .005594978682479607
FALL35, 8297203194.50, 33.227986107244390575, 5.595951209610328637, 1.231774308148046487, .003135044375387589
FALL97, 10740317392.06, 39.514200202195579763, 5.736114778852895148, 1.147109418536234011, .004486714406451119
