Name, Epoch, Angle, Mtotal, Impact_velocity, Gamma
FALL29, 237097.45, 23.399157435880225970, 3.152226143073552425, 1.000375470067457660, .011658008219229008
FALL1, 43321627.74, 52.342576944888559529, 3.393516507093896713, 1.002161091894366859, .007296093509600024
EMBRYO19, 483211218.01, 32.940350374201091639, 3.872041391713615023, 1.018569973160055870, .050900781241396118
EMBRYO38, 4837186.54, 57.578680514148551414, 3.257812756937402190, 1.002892766729815798, .025970163988493683
FALL62, 485852133.43, 62.683570506383780846, 3.896987205176838809, 1.040731111748142869, .006401307509287009
FALL77, 504902478.24, 38.109869836978923239, 3.919085532417840374, 1.049358980692345327, .005638643774984983
FALL66, 5187412.53, 39.166669756220510100, 3.305644123392801251, 1.007996305241559216, .014469605519647293
FALL88, 523889162.07, 44.262352885425194963, 3.945553367444444444, 1.092708209080567513, .006708269425602165
FALL22, 56854446.69, 45.895011294120868486, 3.408736826428794992, 1.013574516542829867, .004465090767278195
FALL2, 67679330.00, 24.667887883879922213, 3.446270256890453833, 1.009915454230753200, .010891029333828291
FALL58, 89753065.97, 20.622928053462493823, 3.477346077774647887, 1.036011651312532552, .008936648866448531
FALL12, 1309278.71, 40.222199742285216362, 3.173206825391236306, 1.001546701580207482, .006611823140490407
FALL93, 133674137.17, 34.425649446075600034, 3.514696443558685445, 1.045716997586233726, .010626910853403538
EMBRYO11, 149799170.41, 20.695056027311345808, 3.611346842308294209, 1.022973085695757232, .026762978735297007
FALL49, 26004921.74, 54.147720799177158327, 3.338641720527386541, 1.031863367784527974, .009883539443641738
FALL76, 26177906.76, 34.365548298387000761, 3.368757093331768387, 1.008789199042485195, .008939609466311282
EMBRYO29, 292984804.82, 26.247063802195748903, 3.674951459871674490, 1.063186541286934839, .017307607530695478
FALL71, 20471395994.74, 48.837344868815837949, 5.415639376488262910, 1.244700567615017795, .003658031312476621
FALL36, 26574351538.84, 64.594354450829965466, 5.460617279713615022, 1.082099212050310363, .005374867286055805
EMBRYO20, 27646866891.09, 19.329730164047957396, 5.563360972812206572, 1.125871113015318516, .018467917792702745
EMBRYO33, 1203029655.92, 47.384060327782829445, 4.117927254899843505, 1.117399484023211403, .032871176868337569
FALL51, 1282481443.30, 79.517144730305966510, 4.135145220389671360, 1.082121451174922405, .004163811563811402
FALL26, 976319916.43, 67.152692757456680196, 3.982566139771517995, 1.018668673477956222, .009293699344831748
EMBRYO28, 34758145402.30, 29.848392986697486668, 5.683932291591549295, 1.196323025391964909, .016270974863598074
FALL83, 2005412978.26, 67.283534558509391441, 4.223313293402190922, 1.178653987857599318, .006295300358159809
FALL5, 2222613874.55, 59.666306087489256772, 4.280626763541471047, 1.309275898541110148, .008734556367847255
FALL84, 2376048627.83, 52.475985051067601431, 4.314897594258215961, 1.065524347017096925, .007942443584474348
FALL10, 1697898856.33, 43.206851833206457304, 4.151687956025039123, 1.295675488850447151, .003984580682819784
FALL13, 1821658614.53, 22.813732070326867611, 4.196726267710485132, 1.148073815412953360, .010731772532311611
FALL79, 3205633459.52, 31.323357513450549634, 4.364461736195618153, 1.038329402422458168, .007242484644258677
FALL3, 3459997779.66, 40.541574655484804614, 4.391461688647887323, 1.185606952371876800, .006148283729879788
FALL18, 2817654859.29, 48.236397617925117173, 4.332852189089201877, 1.095334469820127107, .004143828140057142
FALL65, 5200549850.17, 29.120839720036195394, 4.438760098730829420, 1.102954766753405998, .010655770762755591
FALL27, 5322526510.92, 25.289003058805645847, 4.467122814381846634, 1.290215535529094637, .006349213313897238
FALL31, 6183394881.65, 66.817737943297027737, 4.482026700112676055, 1.300688099852003135, .003325255900168956
FALL86, 6670513692.90, 69.943014526470806998, 4.521974594943661971, 1.313664696259030021, .008834170557030468
FALL37, 7728355678.34, 65.067072312879914945, 4.574523622482003128, 1.186027387997674691, .008163724534570668
FALL11, 10929746934.80, 54.246914365998088611, 4.734676582491392800, 1.425013271752368505, .009902068234893967
EMBRYO21, 10510918892.67, 38.370726342326382268, 4.687793491898278560, 1.091569482898855726, .018470552731010298
