Name, Epoch, Angle, Mtotal, Impact_velocity, Gamma
FALL23, 14682.39, 20.245226374112325269, 3.143101994148669796, .997352796798106404, .008788938256335423
FALL99, 374163946.80, 53.076695290504206303, 3.679784886834115804, 1.113637105019805554, .005594983662660979
FALL86, 40627169.84, 55.005227339847657572, 3.554137529910798121, 1.069428531518747711, .010796665542766985
EMBRYO23, 559419523.56, 58.697199634452123899, 3.770436823147104851, 1.022511914023378324, .024042820650090835
EMBRYO16, 562586555.74, 84.778697929673439347, 3.830223678111111111, 1.042713125090298969, .015609233293862235
FALL17, 5990511.52, 49.076518001591224397, 3.187151415625978090, 1.021407516671324011, .013820937800865883
EMBRYO21, 726505442.02, 55.253812324664375629, 3.921206426269170578, 1.190056429950175045, .012085090190666470
EMBRYO5, 10453175.31, 85.268510237760514509, 3.261098601522691705, 1.007044157563287502, .022675544326531836
EMBRYO18, 205393501.18, 53.797474707658653174, 3.606146959417840374, 1.027236975799987397, .014422437601029875
EMBRYO22, 22864826.62, 57.933219645449369139, 3.460671755176838809, 1.010036449517443902, .034078494090439986
FALL45, 322437361.37, 27.704531266157545012, 3.659196550507042253, 1.033679500856874150, .005814385228776198
EMBRYO17, 34052444.25, 31.112764023939343152, 3.515764695707355241, 1.013326239731250845, .015670258193393413
EMBRYO14, 14646919418.64, 41.355848511514263564, 5.156016889370892017, 1.140612799604562953, .017538449095772315
FALL60, 15117636803.95, 38.854656309104070521, 5.201371455860719874, 1.758036863370517318, .008719732261906414
FALL26, 18240090368.38, 69.326359313372883056, 5.229257182331768387, 1.471717102146195843, .005332636261468792
FALL55, 19075526042.35, 56.647362310065540566, 5.246508054233176838, 1.444652514692066096, .003288067362130434
FALL7, 21749257102.56, 52.791146985007567449, 5.285858059823161188, 1.388756030051973830, .007444393160002100
FALL43, 23072639570.39, 19.451320669527421433, 5.306870500765258215, 1.553060845215991889, .003959478743464156
FALL97, 24476609065.14, 60.799653803417962219, 5.339837740115805946, 1.572049851149520527, .006173827923306510
EMBRYO15, 32806161266.57, 39.189331376029153061, 5.591611208596244130, 1.018412941878906019, .045026998317296294
EMBRYO26, 868135780.54, 81.082909632399937403, 4.080672976176838809, 1.009859444725430199, .039078492894173738
FALL90, 1018193041.44, 71.443293981674901533, 4.118788080508607197, 1.019221357831677620, .009253961016002748
EMBRYO35, 1049083664.82, 54.779516044673241405, 4.235789759103286384, 1.005851371653292983, .027622163809837795
FALL53, 2560737984.38, 38.041262197495702434, 4.596158811615023473, 1.120691121072856155, .006729119068228153
EMBRYO34, 1624801914.25, 71.666970736672301784, 4.440493360912363066, 1.093521586112522550, .020025792405534950
FALL82, 1647454468.68, 21.135847575933507832, 4.487636839220657276, 1.134706388147075029, .010505190147007619
EMBRYO28, 1703696252.50, 33.102367207749935639, 4.565230711715179968, 1.065681481035020399, .016996703428870168
FALL5, 2846154182.62, 44.264805184442684017, 4.633115482688575898, 1.132516410372930527, .007976634989338059
FALL61, 5293168244.21, 65.858017409508324399, 4.660996621361502346, 1.042084297472324626, .005981797657854172
FALL36, 5488151468.82, 18.458244518558989281, 4.708145503273865413, 1.149304360304920924, .010014321323851957
FALL56, 6825379291.53, 72.357343498437365587, 4.753639150345852894, 1.057650412480879960, .004631825529970418
FALL3, 7790386083.47, 36.116456614834189943, 4.778815682932707354, 1.192702632051361146, .005268362342411781
FALL12, 9139853063.10, 52.534792138004025540, 4.905526855408450703, 1.214331203784877839, .006351666398070799
EMBRYO24, 8321298526.05, 65.568081014919409056, 4.874368585314553989, 1.038496534101820146, .019603134376542125
EMBRYO36, 11990620064.42, 22.592255183573880062, 5.065588349616588418, 1.018240011766188289, .027001630478297892
