Name, Epoch, Angle, Mtotal, Impact_velocity, Gamma
FALL68, 128048.30, 64.254224573276905305, 3.152127820126760563, 1.005680927954182259, .011627179299015323
FALL7, 53024782.37, 56.072462673804467160, 3.351614474474178403, 1.006522640479907363, .012255538737486610
FALL42, 6031077.18, 77.782266059439411929, 3.234854999427230046, .998920961078053122, .011012555332227907
FALL43, 606204960.44, 41.545249915907471996, 3.914403880657276994, 1.007508663628945334, .009751072483172569
FALL76, 69461133.29, 40.376706343909078458, 3.389852203140845069, 1.012547316762149550, .011280057763740530
EMBRYO33, 698199291.98, 53.828615028791835659, 4.037614152411580594, 1.024737106558357855, .030515613206662601
FALL67, 704931373.36, 64.213775877580831071, 4.077114089123630672, 1.100131539391311741, .009688209808573357
FALL39, 707543535.61, 83.291250968501316189, 4.100169953287949921, 1.034295783082754859, .005623148412242198
FALL38, 91864796.07, 14.752527536353796924, 3.408001702219092331, 1.055730044976236384, .005325554581275403
FALL26, 93546016.48, 31.554883119074608210, 3.446757661474178403, 1.003084292428263480, .011244178749084236
EMBRYO13, 103314968.01, 31.195730459687180005, 3.550200208064162753, 1.003612485679687285, .029137102283701638
FALL49, 12925248.37, 57.554041533573196276, 3.285738214615023473, .997860900496674635, .009275418258973430
FALL75, 13279533.59, 60.097454811534102951, 3.310538633444444443, 1.015192129194739472, .007491354601860520
FALL28, 140619680.42, 38.601979256809701031, 3.590596367494522690, 1.016576331966127607, .011250543166413628
FALL52, 160211946.22, 41.072968334414409713, 3.612406519230046947, 1.067082741657897881, .006037568479466951
FALL79, 2096369.77, 30.200628241083392086, 3.199230979754303598, .996796762697009222, .009501687386830022
EMBRYO8, 292824621.82, 19.106124040221802649, 3.828513772652582159, 1.006348229297809057, .047275208450782342
FALL91, 14670584940.63, 44.668846473347450271, 5.455656318586854459, 1.213000585439223808, .008436756115922077
EMBRYO4, 15004390841.92, 75.378623515214957669, 5.676008062270735524, 1.022761542995056551, .038821605125720604
FALL86, 17634855118.67, 61.433977073323235073, 5.787941263599374021, 1.051849811458452439, .007139959482291262
FALL14, 16502956121.60, 53.604633127301918688, 5.746615597489827855, 1.369730179787493365, .007673188029996381
FALL69, 18332500595.30, 70.464223897548368688, 5.817235391964006259, 1.214844139021763889, .005035747461827767
EMBRYO25, 18487990250.27, 36.814249511158474710, 6.314297516215962441, 1.089797251297707994, .078720098787284591
FALL55, 25128160484.75, 56.830536826938603997, 6.377991982632237870, 1.389163936058410203, .004294484888897463
FALL58, 30060651726.94, 24.955757207154797996, 6.446461638248826290, 1.665955568394485188, .007434695442061277
FALL95, 32799726882.49, 68.178984490479955916, 6.470718850424100155, 1.298241706979100623, .003748766208649927
FALL48, 1128185052.34, 55.848182285252109782, 4.434703339942097025, 1.082045012377760932, .007912186723486001
FALL10, 1274880513.40, 68.772252094525980568, 4.468101192585289514, 1.064298746481816398, .007474730585119805
FALL92, 953732577.75, 31.270146161939977501, 4.372556447112676055, 1.044457853037360412, .004214105635486010
EMBRYO22, 781298554.52, 18.193519406814583874, 4.354130032344287948, 1.020781941087488671, .058326250518071816
FALL2, 1912404818.94, 52.935879922081429256, 4.694175263067292644, 1.160558596128676166, .004716838299436182
FALL98, 1929971194.00, 11.823572075676569690, 4.730101219355242565, 1.080931162535859761, .007595177063218737
EMBRYO18, 1975786134.03, 42.098445458319567404, 4.807315425924882628, 1.045404354790459990, .016061814074373916
FALL27, 1581565808.22, 42.253677344694777272, 4.512282493334898278, 1.099666389740548203, .009791341923237111
FALL78, 1773844382.01, 41.138699252028931092, 4.543815302577464788, 1.127424655738110919, .006939720727641545
EMBRYO6, 1775904903.54, 62.702389732294861327, 4.672033597402190922, 1.026304893345028279, .027443786982708109
EMBRYO24, 2758217006.96, 46.168413680519118120, 4.913897053896713614, 1.187038003911924469, .014801385883217935
FALL71, 3375606289.52, 20.858626531785974710, 5.098672634325508606, 1.108262929706196772, .007951325986277142
EMBRYO11, 5869999734.12, 71.836301297866719201, 5.282129594377151799, 1.006183478755286071, .034731627986819732
FALL8, 9653710354.44, 54.323642506393121124, 5.320593047974960875, 1.366443832657067736, .002984640450495627
FALL100, 10953055590.52, 43.790441580584553332, 5.343410577543035993, 1.292164299070718290, .004270218287038697
FALL24, 10998517854.79, 9.347276823763572735, 5.360338858821596243, 1.458936095442475492, .003158061779832474
FALL50, 11975026047.89, 54.816624218171186433, 5.385259144070422534, 1.349626719032077510, .004627499731955428
