Name, Epoch, Angle, Mtotal, Impact_velocity, Gamma
FALL85, 3695.25, 61.482872252335932132, 3.150200641549295774, .998902750282830623, .011022528629632372
EMBRYO24, 4755.23, 5.423709977157633542, 3.211092021574334897, .999486829686541419, .018962826233545709
EMBRYO39, 18618.94, 22.631705822297098861, 3.262907009276995304, .999982217898147070, .015880007476087031
EMBRYO37, 23483.34, 12.942732322261593129, 3.310214041040688575, .999263037441721595, .014291230468968588
EMBRYO29, 170791.97, 59.973013333677486854, 3.444318967197183097, 1.000603653301419759, .038935106601239808
FALL9, 388779225.13, 64.628617719230697047, 3.789340676302034428, 1.079768996406898281, .004566405812009579
FALL22, 464289959.72, 64.370644985555932789, 3.832575001104851329, 1.028144491938309958, .011280751136157416
FALL80, 585353327.47, 68.101437015242034546, 3.880053254298904537, 1.040460382270298985, .012236495243139987
FALL38, 646916111.43, 21.668430763825511531, 3.909628480201877933, 1.268413267461157133, .007564715177203052
FALL29, 80951002.83, 72.501325473681294885, 3.514402363652582159, 1.001170306096328317, .008001873381654309
FALL88, 9556576.23, 63.887118972577999386, 3.486280560924882628, 1.014269107162051030, .012036206779603709
FALL91, 104834467.59, 52.048471135167240022, 3.532022415785602503, 1.052225295507392400, .004988658070555124
FALL64, 150764824.41, 26.422382978854312083, 3.572840979780907668, 1.024658855391244938, .011424679750578565
FALL48, 173855238.09, 32.829775881838500959, 3.594222536624413144, 1.026287654119093263, .005948868391129605
FALL7, 208773602.15, 26.722385713713588391, 3.633904743522691705, 1.079218382833576604, .010919990946105757
EMBRYO26, 311239945.39, 45.209926587139916894, 3.772037009012519561, 1.043682867805861058, .018614313956380385
FALL43, 16806162885.43, 38.896721929638852247, 4.903005335876369326, 1.467956793198380795, .006871475423161001
EMBRYO16, 17219580579.52, 46.993184345103004267, 4.980411210619718309, 1.021295530453559970, .015542064995904692
FALL89, 20988105926.91, 77.491087738243420020, 5.020333394353677620, 2.036661830341878945, .003471509353554981
FALL78, 20518953001.05, 36.383158134802828279, 5.002905260012519560, 1.630091082937629644, .004496197354084006
FALL13, 32476932985.95, 35.070110764426373811, 5.060981357029733958, 1.450448907353514747, .008031636515804623
FALL50, 1192952005.18, 21.780592323948484880, 4.001558469699530515, 1.075056718700719100, .009219957680841818
FALL66, 822293292.34, 41.852156436730683976, 3.945185003946791861, 1.090060222361869573, .009012637862663735
FALL44, 1487298114.71, 22.027056428282629998, 4.030104638608763692, 1.055744974706947990, .007083232687250429
FALL18, 885119007.39, 40.572278242926282048, 3.964664269946791861, 1.023016701166923393, .004913219549532368
FALL39, 1893181032.73, 49.201087788838733765, 4.045373971884194052, 1.130567710488571003, .003774517109771323
FALL62, 3113011502.70, 53.427558873450832952, 4.297670665769953050, 1.126513396488492241, .005397740176901689
FALL16, 3169062328.99, 77.014288009977826236, 4.315391744455399060, 1.029372603759875367, .004106482037253030
FALL81, 3344984068.30, 51.730682867917675815, 4.343724532456964006, 1.550473393483938288, .006522694472978924
FALL73, 3458144100.64, 70.224552274430809756, 4.386127738580594678, 1.029391488495732769, .009667572092695819
FALL70, 2835106303.56, 15.072962087129364283, 4.087273069644757432, 1.019613394849565576, .010251112916101339
FALL35, 4166101622.29, 58.856772575570212056, 4.427954954985915492, 1.115955174300902561, .009446170258242616
EMBRYO1, 5872070831.95, 45.807713343264900585, 4.525089476463223786, 1.566233925113250437, .011574192734921191
FALL61, 6002707746.66, 36.007424844259459866, 4.546408202898278559, 1.149237187748764919, .004689136012197390
FALL37, 4725803623.27, 42.293661104728178021, 4.472715218719874804, 1.425646541814297651, .010007403007698105
FALL20, 10620191316.86, 66.923494023937424510, 4.750139417062597808, 1.202628674086556321, .004893667793544439
FALL31, 11119960511.80, 74.203067911936432375, 4.779656592619718309, 1.119820055310226431, .006175584999704383
FALL53, 11837930944.89, 34.161809222613323252, 4.833927813629107980, 1.822071190369780453, .004667497328545266
FALL68, 11931833522.31, 38.847247802224636514, 4.869314455208137714, 1.240177109609677446, .007267273843135338
