Name, Epoch, Angle, Mtotal, Impact_velocity, Gamma
FALL83, 213393.84, 36.563352798249285017, 3.135665704514866979, 1.001546654535418655, .006438262757750829
FALL51, 460762300.25, 54.815407933216519898, 3.634299846769953051, 1.271574304937702842, .006914633772131802
FALL81, 47938127.54, 42.954775616030361994, 3.362311530752738653, 1.092791640412323647, .013010729018809628
FALL38, 54749982.70, 33.606134384684989881, 3.391752309439749608, 1.019638330652469900, .008680108686575671
FALL10, 571532389.27, 58.961908613221107777, 3.677336225519561815, 1.047999251943794009, .011703139475748744
FALL13, 663310519.62, 36.158996734533348644, 3.694952784264475742, 1.050416505043888157, .004767735820163062
FALL77, 6859529.31, 55.751072906984650851, 3.184000693452269169, 1.007525344167775265, .010487055612578672
EMBRYO39, 10225212.70, 16.593200858258299100, 3.260129675719874803, .998841930250375734, .023351519675607830
FALL40, 107897201.78, 71.706715750026652801, 3.430283789682316118, 1.027616045676363494, .011232738339414500
FALL56, 125430458.38, 34.387944760610688625, 3.480611604752738653, 1.083308260470483257, .010407591104875717
FALL48, 13561570.11, 33.949202896482930940, 3.276395705513302034, 1.074641066714201796, .004964610886701198
FALL8, 193074067.49, 25.691543462875597558, 3.510701363259780906, 1.093910571647206613, .008570868151088836
FALL71, 19900741.79, 28.981239442957479193, 3.318565406544600938, 1.008632978936315922, .012707208044818191
FALL16, 208652696.91, 61.185049429238342072, 3.539984477854460093, 1.023402984084833307, .008272102540205888
FALL98, 252857024.75, 50.654355989045846748, 3.579162518314553989, 1.022605092414620245, .010946147390519454
FALL24, 277100860.54, 15.381517744371313003, 3.609169994306729264, 1.241156186735782080, .008314231813634605
FALL29, 15753153630.84, 29.259264745957423367, 6.118569917284820031, 1.173959749338955431, .006959657487719590
FALL69, 20981142099.21, 38.929023670803857865, 6.151316413178403754, 1.756015104717277629, .005323493979066616
FALL89, 22335796203.35, 10.938391853881194804, 6.186630986564945226, 1.646830288865351330, .005708207498270310
FALL93, 23746169548.03, 29.823066575546081631, 6.205138047942097026, 1.276989382885535780, .002982538217940957
EMBRYO40, 25502204583.52, 45.533863843973555045, 6.387113855267605633, 1.293000659543302988, .028491085558265720
FALL32, 25615553190.03, 10.073239421962080793, 6.410672699355242566, 1.970650824454325280, .003674941022716919
FALL84, 25753142623.03, 22.705003353745833342, 6.427917497544600938, 1.805532787542295114, .002682797063405966
FALL15, 1272641345.30, 51.436971008114800712, 4.390552303242566509, 1.025980104431676627, .007326187109365558
FALL50, 1394205332.15, 18.496457484965455311, 4.426740166987480438, 1.092595740122356255, .008174833484645378
FALL34, 839797773.26, 29.990601927918899535, 3.728980035794992174, 1.005640148016744688, .009125082784234368
EMBRYO25, 962460978.16, 79.071995328583420416, 3.844415304962441314, 1.009405299690007263, .030026742692673771
EMBRYO7, 969488303.70, 69.552590197263552887, 3.958003669604068857, 1.104874625504857357, .028698398011589042
EMBRYO16, 1002798509.03, 71.801141123487485011, 4.025387951054773082, 1.054506796990222090, .016739822910324127
EMBRYO35, 1029687899.41, 51.869171390812835764, 4.167494923572769952, 1.129571102637997640, .034098895168668728
EMBRYO22, 1076495156.44, 44.636987348358749598, 4.296122202050078246, 1.043461177905070985, .029940321160146109
FALL49, 1105034003.85, 62.912879890623369917, 4.313473700652582158, 1.245209898141135144, .004022627655466851
FALL61, 1903545322.45, 26.683762489514297649, 4.675820019062597808, 1.152053083641353464, .005169104744388765
FALL46, 1953300805.62, 37.205248873612652229, 4.695190563873239435, 1.058455536081604717, .004125614188057001
EMBRYO1, 2003816677.14, 16.619182500459355802, 4.762647490377151799, 1.138222322176321697, .014163745403268475
FALL45, 1568102386.34, 33.122563503471058819, 4.456851354544600938, 1.109001423141058589, .006756157016931163
FALL28, 2332978479.10, 4.642962349654209466, 4.790806968374021908, 1.152201295761497661, .005877815195386030
FALL21, 2493901128.29, 68.588993981700831373, 4.864477148801251955, 1.111406806948286018, .006751747084790879
FALL99, 1653518550.14, 77.092442392149672209, 4.497972958984350547, 1.063794939976984376, .009142252479067836
EMBRYO36, 1818884745.56, 16.788198332503432888, 4.557664366638497651, 1.120638994571149280, .013096929227504200
EMBRYO19, 1838840375.87, 10.472504535038785132, 4.651650215615023473, 1.043651215232653354, .020204840135299066
EMBRYO11, 2814522913.38, 15.527607139338991737, 5.132482920050078246, 1.065425514059771760, .020264107002690689
FALL19, 4541638676.96, 27.228836300909529738, 5.184246700608763692, 1.090501930516784809, .004436929670417457
EMBRYO15, 4553700019.83, 46.554435444748468874, 5.379817184344287949, 1.008896730572549513, .036352626313148801
EMBRYO29, 4709014348.60, 24.623519977878457863, 5.439911210798122065, 1.274610864674953757, .011046876340528088
EMBRYO8, 4815340653.59, 29.146806561905333128, 5.596637917690140844, 1.205788164655343637, .028003724592693221
FALL75, 4838089733.32, 47.992975721641081875, 5.614035245057902973, 1.099257291016338345, .003098898850254323
FALL39, 6657775429.39, 75.860120748798721149, 5.669027066616588418, 1.335641087770097824, .004845412912780591
FALL55, 7745851284.02, 47.680770801956859317, 5.713991105092331767, 1.043993952371061017, .007869112438006985
FALL41, 6467797106.70, 62.469462726689353607, 5.641558289660406884, 1.373546545066625271, .004878624519366752
FALL95, 8662531199.04, 18.946837377583823771, 5.775692213993740218, 1.051142813536285933, .007763119309596099
FALL36, 8278666601.45, 46.537630163386075428, 5.730854826239436618, 1.581010029539169197, .002942618798641050
EMBRYO12, 9630139534.85, 72.753484116461441072, 5.823325989020344287, 1.088703537789390519, .008179822856631366
FALL4, 10037312896.50, 73.277214017513158259, 5.842587832652582158, 1.049939266790806994, .003296800010415590
FALL62, 11876448321.04, 76.210319841428789540, 5.879896329295774647, 1.480737741926311112, .006345094292860758
EMBRYO27, 11982616562.72, 45.599993975844911594, 5.974927559561815336, 1.237350026765982597, .015905001243208398
FALL2, 12642753546.74, 57.289719578790068102, 6.037435201054773082, 2.117900615057263250, .004989699500739602
FALL7, 14193258193.48, 13.918845245767099685, 6.075986766345852894, 1.050006593196337074, .006344906065801075
