Name, Epoch, Angle, Mtotal, Impact_velocity, Gamma
FALL51, 378765623.92, 55.563877163889482537, 3.906057182245696400, 1.009237313729795324, .010450941315876173
EMBRYO5, 468668.33, 70.005851728307935042, 3.303329973276995304, 1.011924169276067783, .015584845622739869
FALL29, 51272284.49, 77.227591959724776173, 3.543845121006259780, .999377854532989055, .006662990010510927
FALL74, 52962774.00, 48.869484781904929317, 3.574266560165884193, 1.025225193627669121, .008511239620083772
EMBRYO26, 596551508.36, 45.923317594772801357, 4.079216640558685445, .996049088446048067, .042449193942437551
FALL52, 7384515.78, 88.826449363590298874, 3.322861725912363066, .997519595468515687, .005877991395636528
FALL27, 80120028.87, 7.729010630370592832, 3.592651940348982785, 1.001405988550682533, .005117495511736876
FALL23, 140070394.86, 68.599859224240023176, 3.649293282885758998, 1.046665355783619865, .007349284201635953
FALL76, 140866630.66, 5.328890219568473874, 3.686294018713615022, 1.022456847152464127, .010037380534069014
FALL5, 194377134.65, 45.107564626388469158, 3.718721302644757432, 1.007461288426753959, .008720009188360044
EMBRYO7, 209979303.47, 82.655381442948151135, 3.793642014480438184, 1.054485486148944062, .019749019951015792
EMBRYO12, 21405888.75, 64.354090381651257975, 3.474635491073552424, 1.006589052183042539, .043680485492067018
FALL82, 347030519.30, 37.194654538540499565, 3.824837884857589983, 1.254777094068164931, .008156128786291910
FALL47, 351893215.84, 28.650009533535485093, 3.865235207854460093, 1.007403910516443001, .010451452712316081
FALL75, 14353315777.97, 71.739733055735864751, 6.112871479946791861, 1.331797556447373418, .005976097813027648
FALL48, 20631768251.57, 44.369921615559587084, 6.168636890338028168, 1.112400194901737099, .006639288851944552
FALL43, 21735684336.83, 59.082942338659732817, 6.206852024510172143, 1.103526752580925262, .006156926895970251
FALL45, 23046150133.58, 60.638386936724599910, 6.258241917555555554, 1.197587140387304172, .003463871305224528
FALL65, 22508607852.31, 32.254865919688210600, 6.236564172951486697, 1.066416854760091365, .004764185473888610
FALL49, 29346289529.47, 63.356934943205178636, 6.309198266399061031, 1.407792648036839987, .005872285878214261
FALL79, 29386239224.47, 12.567552627772305484, 6.345464994154929576, 1.156568931007632862, .005715377483695913
FALL93, 29777291486.37, 12.365678815323209140, 6.377516406658841939, 1.206498719232570863, .005025688756726239
FALL73, 31547467187.08, 54.929051186737027676, 6.415212926946791862, 1.255915912258333307, .005876113655544101
FALL32, 34172099693.78, 8.345970358447796011, 6.448174514790297339, 1.707749335249852247, .005111770434857318
EMBRYO25, 1187998557.60, 75.021876655972170506, 4.165196414405320813, 1.211766614443026464, .016021947259484334
FALL19, 1344203769.93, 36.195990847545835799, 4.216222521740219092, 1.080315252238821926, .006915165214575753
FALL2, 1434295969.65, 62.256426794989063739, 4.292091176683881063, 1.084556781179568010, .010706019922761696
FALL66, 850843888.21, 53.161267927346271139, 4.098461857125195617, 1.065705247090973551, .004695716889858892
EMBRYO40, 34750194392.13, 44.722802227764648426, 6.659722914201877933, 1.098191710762574440, .031765345515465545
FALL26, 2160948329.37, 55.684986412676727776, 4.406271115472613458, 1.122516357928129741, .003693939650014889
FALL64, 1634936271.27, 21.211936317380237423, 4.362248237031298904, 1.093975980131237536, .006629111053868996
EMBRYO35, 3171858873.37, 24.146695520549129782, 4.488455900161189358, 1.327763148855118994, .011738063159228862
EMBRYO36, 3685131000.27, 47.349929034597003817, 4.597719189787167448, 1.262652567991393979, .017238996895432332
FALL39, 2838691270.53, 27.730839531055681538, 4.435770121317683880, 1.116743340449285849, .006650255769253581
FALL13, 3967704736.20, 12.666688222468194269, 4.630071139056338027, 1.288119130056609525, .006987354685483155
EMBRYO29, 6005366731.71, 70.837763832372350674, 5.150983465508607198, 1.045381017071330076, .093549576494344180
FALL14, 4832583053.70, 19.742407047910316997, 4.669111143780907667, 1.016636626361797721, .008361335491418901
FALL56, 7550730091.02, 43.332279653005550048, 5.192399715668231610, 1.070018039866292175, .007976321628915549
FALL8, 7877163371.57, 42.910693302012530781, 5.230873831126760562, 1.071098790541386007, .007355198518628113
FALL98, 9208438988.15, 26.775611234742646243, 5.249890773735524256, 1.316939186910413317, .003622350145626423
EMBRYO28, 9729903671.71, 31.945603773549823613, 5.443967445167449139, 1.087838801252977836, .035649858927990972
FALL53, 12807947737.89, 65.497963390254866050, 5.492777882757433489, 1.561318550951091255, .003073749453844424
EMBRYO15, 12972268179.64, 56.168865884238534558, 6.015323537727699530, 1.030581336486916032, .086869085542647946
FALL21, 13807095711.02, 14.424879361451401427, 6.076340362059467918, 1.175406421839072825, .003694467748683509
