Name, Epoch, Angle, Mtotal, Impact_velocity, Gamma
FALL88, 80603.41, 38.333005224584602853, 3.141839320297339592, .999477277330284030, .008390580427936189
FALL10, 421806201.35, 72.522452899643807201, 3.712889075417840375, 1.005968665941668273, .008697365989533373
EMBRYO23, 429111201.63, 33.243508808290033177, 3.815353455661971830, 1.019440508734499697, .026855802858974890
FALL27, 454879789.75, 46.125843132537998915, 3.844189252129890452, 1.019231753163555862, .007501138621607148
FALL87, 460038502.85, 42.265612264526061906, 3.873158010489827855, 1.030920303480236365, .007479363939396566
FALL1, 529190408.65, 33.929320120337574360, 3.915788822655712050, 1.118644797184315621, .010886902766368211
FALL63, 736800325.66, 20.049656096116226475, 4.009203775338028168, 1.071783779462659086, .011336695554017169
EMBRYO5, 739986016.96, 17.242163029747779236, 4.148473519366197182, 1.053390475350771504, .033571322891770963
FALL23, 92446910.16, 41.747385728377116661, 3.386383473386541470, 1.009297880304098400, .009191768180483611
EMBRYO1, 9613973.44, 73.329239388550444527, 3.311537353712050077, 1.025683752665830408, .029612765625762262
EMBRYO12, 145693765.89, 31.487325793664487554, 3.443790190688575899, 1.008969318935192180, .016669632619477694
EMBRYO39, 162616987.83, 29.996658510574095153, 3.511408581386541470, 1.044543649256147017, .019256770931301096
FALL62, 219261802.95, 42.387651204196186630, 3.635021371663536775, 1.100078149927722334, .004403068587448431
FALL29, 2467035.24, 51.491679642577035475, 3.179448795721439749, 1.004152379639301173, .011828929427865277
FALL81, 288586488.40, 66.704470934247029317, 3.680596720247261345, 1.030245203312174398, .012382597727431227
FALL70, 3035039.04, 30.490591222176360276, 3.213473574194053208, 1.020035577851637436, .010588161901414441
FALL57, 16926490218.48, 64.122715346195437978, 5.701845649848200312, 1.524590051322690931, .007233370268861974
FALL71, 27516199661.02, 56.610304351481841864, 5.745662939513302034, 1.261938481224684093, .003746780680473071
FALL59, 1357248257.43, 41.836811072301344477, 4.250518436485133019, 1.037819059664627453, .009414979370350326
FALL30, 1389535990.13, 54.239207201672066587, 4.276373667568075117, 1.098170919573736381, .006046064513569703
FALL74, 1493748798.65, 39.716166123768453242, 4.432513748874804380, 1.063960136567544491, .009541290504744349
FALL95, 983689942.96, 17.397239499721102154, 4.174197467472613457, 1.179415965041355285, .006162609292861671
FALL3, 1038578659.37, 31.722821421960076024, 4.210499893087636931, 1.095217210775270039, .008621880188871657
EMBRYO15, 1888792287.44, 80.539695402427465105, 4.618684667366197182, 1.024730242972717631, .032244372257443788
FALL68, 1954768618.79, 69.749602583192753278, 4.636567199413145539, 1.005109093700850697, .003856847377534369
FALL14, 1558711013.56, 29.724719537941492185, 4.469758079611893583, 1.025154493543040125, .008332516004704701
FALL11, 2602560986.65, 87.072151546151828982, 4.729999429125195617, 1.013803765438017400, .008630464868898168
FALL16, 2604770458.00, 86.242149415092195161, 4.751633242751173708, 1.122224877081978524, .004552921599953327
FALL42, 3186355801.81, 56.966690998115882101, 4.802974973588419404, 1.030708053673781596, .004029432748960988
FALL39, 2770613475.81, 85.476602835672543359, 4.783621708932707354, 1.118379962250583808, .006687081071189201
EMBRYO40, 4223301240.95, 63.531347325606975734, 4.891081763021909232, 1.059442395584551931, .018013763355591284
EMBRYO14, 5985302950.69, 43.705526058278125727, 5.039004101350547730, 1.116602092481269749, .020251588838789920
FALL41, 4934857727.13, 45.804594876224688976, 4.936956262129890453, 1.146104901022753416, .004724414780317053
FALL55, 4735938292.63, 72.542898155191617405, 4.913632032990610328, 1.428377942363317202, .004589328182756941
EMBRYO27, 7157308005.14, 73.770084618621893865, 5.168868630652582159, 1.095884245957344089, .016619238690389381
FALL53, 7451448160.83, 41.977050386693438684, 5.189398585059467917, 1.371894884863062126, .003956133657651111
EMBRYO29, 8290436191.03, 55.037209479451260774, 5.253894221873239436, 1.206711593038544465, .012275777563348279
FALL92, 8510603388.96, 32.614109632293780775, 5.290314949410015649, 1.218698591093629377, .006884415744984713
FALL50, 12627082563.03, 32.888067104900489916, 5.364531254494522691, 1.320240240408624696, .005868907144707899
EMBRYO33, 13249295175.33, 45.286268396678571776, 5.489696684076682315, 1.046723095093101106, .022800062877884935
EMBRYO17, 13502268986.10, 12.786571241224402847, 5.623977587009389670, 1.025833464503874106, .023876500368383905
FALL60, 12469874067.25, 45.315423024864552480, 5.333047318683881063, 1.184094223625553283, .008012748944521111
