Name, Epoch, Angle, Mtotal, Impact_velocity, Gamma
FALL14, 21295.63, 38.630957353898334149, 3.147684577087636932, 1.002825376742804702, .010232001177419066
FALL96, 102400.05, 17.721902428215178856, 3.171655358973395930, 1.004019886254301234, .007557814192497220
FALL79, 114458.52, 53.571545448656090536, 3.197180923492957745, 1.003330017145818207, .007983772306681019
FALL82, 37558143.12, 41.672350245649650701, 3.266733467849765257, 1.013255488027249765, .011622281980829139
FALL90, 42485385.89, 34.589148122340751354, 3.306165681461658841, 1.005221323497543013, .011926871611859336
EMBRYO6, 439304877.63, 20.801062963570651972, 3.958844663098591548, 1.055974362580318302, .021460453353290940
FALL3, 52821429.46, 44.219128811797283638, 3.338530102805946791, 1.006826915689613347, .009694212825565542
FALL26, 681362008.55, 57.812154468129114330, 4.021710435907668231, 1.029945959985069114, .004965130475388542
FALL47, 86346096.35, 75.795725640039233717, 3.470971852669796556, 1.017716476180544157, .009954242857066729
EMBRYO18, 105010687.28, 19.714656706272317420, 3.509463342164319248, 1.012785039045434180, .010967913250582546
FALL93, 1694725.43, 38.131500985294414234, 3.228766570328638496, .999067447920037683, .009782573668475491
FALL50, 205460322.81, 39.577942183944842821, 3.524858278688575899, 1.045438134145616001, .004367533473389587
EMBRYO29, 212717808.03, 41.748844356082360594, 3.605761505147104851, 1.012579008132422380, .022437209544080310
EMBRYO30, 286499858.78, 61.279779396323459580, 3.726609524187793427, 1.012876112576835703, .032428409322635514
FALL35, 290722810.64, 63.344209476800260982, 3.758080332314553990, 1.008620718606070716, .008374171210804876
EMBRYO27, 298810276.99, 50.108251228795259401, 3.826010649697965570, 1.044897516536873933, .017754868869504930
FALL61, 299774388.11, 75.808401908899500880, 3.844193803907668230, 1.034248265072001407, .004730030569241690
EMBRYO1, 1315176416.25, 74.321783949830381379, 4.283023500298904537, 1.131127875490035106, .023194939183358570
FALL24, 764079852.16, 37.228001171989561983, 4.066125609539906102, 1.070535016295515665, .010923217306257477
EMBRYO15, 1021951572.15, 66.374371610045771672, 4.183679030685446009, 1.110773594591663522, .028098097459995676
FALL27, 2238155557.77, 62.327802491597413847, 4.827829864089201877, 1.052850404101515995, .006245680278470543
EMBRYO26, 2557378772.59, 22.085304636638016281, 4.907329602118935836, 1.101116269951839311, .016200203465501252
FALL54, 1617494795.88, 15.581869715755905989, 4.301960874169014083, 1.108180990662990551, .004402033031553925
EMBRYO21, 1629974436.61, 49.440524551100385303, 4.511966222663536776, 1.006306286275573772, .046544087017977711
EMBRYO20, 1645581259.50, 41.622858392350028276, 4.585220085723004693, 1.004427455954907664, .015976084394043279
FALL100, 1762553809.21, 35.038534133140377721, 4.625434307723004694, 1.115824564935048082, .008694150500171418
EMBRYO28, 1766057661.54, 38.839976254648219149, 4.757832290338028168, 1.028052954266033305, .027827374849324941
FALL75, 1779562263.09, 78.649657300914450633, 4.797676782316118935, 1.099772724551648842, .008304955456828558
FALL46, 3236472195.04, 57.696817241345923045, 5.024671222101721439, 1.214060789320871581, .004133975444556711
FALL16, 3458371595.79, 43.705247453893068540, 5.064832342059467917, 1.260135660884040228, .003682909035945942
EMBRYO25, 2806643370.41, 60.903861749036263414, 5.003899354649452268, 1.015313579875457983, .019298899854814660
EMBRYO32, 5298220752.55, 79.116253119912900213, 5.431886234247261345, 1.047418230582421425, .052938626052733392
FALL65, 4979943313.97, 67.554560753603887819, 5.102654544280125194, 1.117030904890784553, .007412260009460071
FALL36, 7989469983.45, 65.064493088445129717, 5.494939233949921752, 1.570939260274368116, .007342556702094953
FALL40, 13690102416.65, 50.862667167962502304, 5.817943695186228481, 1.208647807571410164, .004351926951381512
