Name, Epoch, Angle, Mtotal, Impact_velocity, Gamma
FALL39, 1763.74, 46.524487884938191589, 3.141153034194053207, 1.000852653197490555, .008173931395834895
FALL76, 35035.67, 33.239697784243864088, 3.180942681758998434, 1.014532475106585065, .012508759680932803
FALL7, 37376082.76, 38.871009946089286495, 3.263851304514866979, 1.005032160300602602, .007594366804897739
FALL41, 392214340.43, 36.254866259929020361, 3.779830986179968700, 1.087145736194046135, .009658846557035966
FALL74, 437900678.07, 67.959662553984684450, 3.814848441311424100, 1.130218924913222989, .009179251986067762
EMBRYO11, 527246751.98, 22.428678508717380809, 3.891892778654147104, 1.024912353545835398, .019796109944795489
FALL62, 574321404.57, 26.898466091457336509, 3.906934907162754303, 1.023867517003359234, .003850109834045318
FALL68, 59513188.22, 18.411499363497919942, 3.279416465632237871, 1.071193248991555917, .004746320353176030
FALL82, 683914223.79, 37.172855464106715704, 3.968799565971830985, 1.021729778350661225, .011845408983598322
FALL26, 689708034.03, 8.547227594541294039, 3.999537455331768387, 1.080518931308092232, .007685361044504284
EMBRYO35, 708911433.11, 48.231596703188530426, 4.070128260316118935, 1.061198269228406356, .017343631568718155
EMBRYO3, 85580544.70, 9.286169584104275313, 3.352744970411580593, 1.040438503711708567, .021871184782890307
FALL30, 100272153.42, 61.565520561015585346, 3.383236599347417840, 1.009594984385236848, .009012561799133052
FALL28, 108694877.45, 38.035761703469383846, 3.429051498887323943, 1.016976497388416989, .013360808243934953
FALL47, 137054252.19, 35.994819838437623347, 3.471875548929577464, 1.018129678332193808, .012334557917969355
EMBRYO33, 156652522.16, 14.618863576495550285, 3.580877376234741783, 1.015163184400458613, .030439977650137760
EMBRYO17, 216174381.21, 26.579556518914739112, 3.636491772297339592, 1.006604078924187167, .015293420015843674
FALL91, 225887608.12, 57.292630630912464494, 3.683951840383411580, 1.021967960261871664, .012882923051766204
FALL86, 269867519.11, 44.675480173230856234, 3.701019372043818465, 1.026635744839730763, .004611575877652517
FALL21, 298678019.65, 25.913331480708558300, 3.743322178671361501, 1.038138425478605086, .011300872488466359
FALL40, 34974131.48, 59.909416716681557355, 3.239064420507042253, 1.029985991051708423, .011303857150826767
EMBRYO26, 15797091736.24, 9.224693453035203026, 5.413195795721439749, 1.577336390969216192, .011516393238131628
EMBRYO36, 16144809767.17, 25.780033843532774029, 5.457471080641627542, 1.154697675427089580, .008112784156116420
FALL43, 19640701701.84, 24.580724285609385030, 5.504301168672926447, 1.259113425998702285, .008507908014965063
FALL97, 28070503321.44, 57.683036331044735563, 5.524669740489827855, 2.475350289554641029, .003686839715411766
FALL44, 1145073881.05, 56.315100373681507070, 4.258979652323943661, 1.220788313525391080, .007145425275610197
FALL38, 1184865702.81, 30.525219756809594830, 4.301701007076682315, 1.086871647010544489, .009931270136572340
FALL60, 864613876.61, 47.864622377684292731, 4.146688484112676055, 1.114509505399241101, .008745742440922479
EMBRYO25, 904307522.61, 30.526517101711030113, 4.192450584563380281, 1.060753622350926778, .010915358338272518
FALL46, 1069451173.20, 60.557880859570223709, 4.228547431464788731, 1.049640171849527018, .008536464940950038
FALL89, 2241767766.67, 27.201482027366683216, 4.432930421827856024, 1.224255557156722312, .006227517007781305
FALL95, 2395555841.37, 62.536284774627259887, 4.476043670101721439, 1.153653063483157630, .009631999025996040
EMBRYO5, 2427229165.80, 56.609047881453572880, 4.602684077705790296, 1.085358695532971052, .027514468831955545
FALL69, 2672509329.23, 69.983794048339878919, 4.649667612618153363, 1.043183933836291511, .010104708298229838
FALL61, 1648105530.79, 71.841327449766130843, 4.323259379273865414, 1.104662707378669125, .004986601612988150
EMBRYO32, 1858346829.36, 27.601341014832647472, 4.405324272230046947, 1.008164649071705579, .018628570312503692
EMBRYO1, 2934092964.38, 2.153413985403906283, 4.807615714649452268, 1.135761833600096937, .032853728626529951
EMBRYO12, 2961169539.63, 73.166332620914544415, 4.874933667940532081, 1.166708457870711653, .013808998824699701
FALL84, 5736387199.25, 41.168033230752267436, 4.953410842147104850, 1.149058321661395857, .004750698989552996
FALL93, 4981253680.50, 65.033968751508583382, 4.929878678259780907, 1.239888558911615616, .004418277166444359
FALL83, 6342784655.28, 20.912721068956734534, 4.968798768830985915, 1.361469643569526975, .003096910822875082
EMBRYO31, 9936248323.70, 55.829456352140108641, 5.102449920034428793, 1.053591070218343904, .018635893092707838
FALL88, 11193359999.54, 34.203289067591262583, 5.350855304262910797, 1.409135633104791575, .004946255755993787
