Name, Epoch, Angle, Mtotal, Impact_velocity, Gamma
FALL48, 185133.43, 21.937204731454986787, 3.131601454945226916, .996516910018641588, .005148800186892408
FALL54, 407118223.39, 22.808614384473739069, 3.572702656657276994, 1.021557007612666072, .004667657489468135
FALL99, 521819525.86, 66.114403471084074988, 3.617846871729264475, 1.035815113081053217, .006377038808585824
FALL61, 581914292.01, 62.930150841268959185, 3.656718936334898278, 1.026288932571603476, .010630312385971929
FALL88, 628827702.84, 45.654857865600669954, 3.684210969568075116, 1.165310581550887276, .007462122408370092
FALL13, 6382156.22, 48.023286182187014141, 3.235278264915492957, 1.012652677899771494, .013016604883892347
FALL21, 660016934.70, 34.629605064597724314, 3.710911310342723003, 1.052198808582400475, .007195089976174093
FALL82, 744493802.54, 24.979576912286207762, 3.737407699924882628, 1.030040516914810582, .007089510085477741
FALL41, 9056592.05, 62.514482063527495009, 3.252185185981220656, 1.009671157040069763, .005198634179445317
FALL16, 110821145.12, 24.692319874646770163, 3.508540417272300468, 1.000324608057163239, .013369056429793932
EMBRYO40, 1123960.63, 53.042108394442110437, 3.193165926048513301, 1.005230897319277760, .019280072670533389
FALL11, 252956706.16, 76.130973322934697442, 3.556026504342723003, 1.077272215612191589, .013353693232966979
FALL65, 16599638151.97, 46.690527567673146699, 4.826469744090766822, 1.092101941301882443, .008565688366265188
FALL33, 16500590331.35, 31.658325917094099472, 4.785127708350547730, 1.381104165799343179, .008158765518141073
FALL94, 18843773767.29, 46.723791945111635550, 4.862253399657276994, 1.155537639198884896, .007359479776900868
FALL98, 19713584022.15, 66.381375759811916265, 4.906573680564945226, 1.519273852625678854, .009032837126260230
FALL22, 19894802365.09, 57.877327936153720361, 4.945092573589984349, 1.444713806172956929, .007789316872662863
FALL28, 29110677765.06, 20.967587296427319101, 4.984551215627543035, 1.367181015983851822, .007916187502266628
FALL96, 29162736935.42, 70.826190289225115709, 5.007117725517996869, 2.007857990838266793, .004506886221964021
FALL39, 32636160331.58, 52.697790265483211495, 5.444855651380281689, 2.094453636752968372, .003685107318384871
EMBRYO27, 32276505900.03, 21.058298876877946518, 5.386744538467918622, 1.150459728045794023, .070474255876771939
FALL69, 32483757818.21, 64.090280286390755050, 5.424790773971830985, 2.678273107407969114, .002835405488345603
FALL66, 1134321256.10, 56.036962228683064758, 3.778810941718309858, 1.049816901395942991, .006992476594276905
FALL35, 1346237988.51, 86.107018546577887037, 3.817161476893583724, 1.043660903040458358, .010046872631890513
FALL74, 769581298.31, 36.312669036808776895, 3.752387694651017213, 1.122793270053402443, .003992123399933740
FALL52, 34286294072.42, 42.922561166696177587, 5.476423732115805946, 2.114492102182130158, .005764360516383581
EMBRYO36, 2341886766.39, 43.282967172239758630, 3.986679284982785602, 1.173721090810639190, .023719840792648745
FALL15, 2401256321.82, 37.184464902743463328, 4.002368089996870108, 1.151030725036171350, .003919880595232030
FALL64, 2609904054.18, 53.929744936695275387, 4.021590751895148669, 1.487311763643348894, .004779865252986037
FALL89, 1720534844.09, 38.750062276649664151, 3.833481018217527385, 1.173895578348375559, .004257107638303068
FALL84, 1775046475.49, 25.592800237451649002, 3.860197026823161189, 1.374626739678058592, .006920892486911614
FALL19, 1826577564.45, 24.441462503667970590, 3.892115887046948356, 1.082086977028402203, .008200901810250273
FALL86, 2836383124.67, 63.724884439665206071, 4.056494667280125195, 1.105906446694958726, .008604452425839061
FALL57, 2937335004.18, 66.941917074095782635, 4.079979776007824725, 1.054930456482246684, .005756182632522561
EMBRYO3, 3834549496.27, 33.637283433086623574, 4.383893532372456963, 1.046224621008636125, .047401140235711680
EMBRYO15, 11870477190.29, 83.111389095975895356, 4.650358120062597808, 1.466954507259631844, .015570895590954856
FALL63, 13139585297.88, 51.626636441719384269, 4.695592827575899842, 2.036950299754479020, .009633439093040902
FALL100, 13523401427.94, 67.731742925648108103, 4.723269801225352112, 1.480794427083689631, .005859706265831366
FALL12, 13708028809.38, 14.103158080247791029, 4.746086973399061031, 1.285563708349554551, .004807575651274407
