Name, Epoch, Angle, Mtotal, Impact_velocity, Gamma
FALL36, 389198.70, 24.522197264984665636, 3.132761490151799686, .996422767338900056, .005517185211003658
EMBRYO37, 390453457.98, 71.342017304977420626, 3.793415660992175272, 1.032521310288498843, .016365247311531671
FALL70, 5999918.36, 22.241373194245393605, 3.147261797668231611, 1.010180444540896159, .004607277197967778
EMBRYO18, 62977296.66, 44.588998248506856026, 3.194583806309859154, 1.041368103685723881, .014813199936549951
FALL76, 648055916.51, 62.534287005241470936, 3.819391626212832550, 1.042829326577241157, .006801074034736833
FALL46, 65075470.65, 30.207556659472964398, 3.238160263665101720, 1.018131474301172261, .013457165120641894
EMBRYO22, 100296716.51, 40.815029332042873444, 3.355752248749608763, 1.009030412450333924, .035041915006783693
FALL1, 118588755.73, 62.516164412889164930, 3.395706152993740218, 1.047981079772367367, .011766007551687665
FALL66, 121449639.26, 60.362516603908967309, 3.438998986344287949, 1.034470524708576511, .012588789215250312
FALL59, 142871248.39, 62.731394840973905211, 3.455175491766823160, 1.037122933253699678, .004681818754615103
FALL92, 178581180.22, 37.190228066374785872, 3.501452905697965570, 1.038187845654608706, .013216631830947834
FALL13, 280931636.74, 64.030759287479875621, 3.610481462339593113, 1.000545896783804353, .008040097994266590
EMBRYO39, 296577560.77, 63.575764234488400511, 3.690878627028169013, 1.009000576130717806, .021782662831320317
FALL97, 361826120.19, 5.644930846147211686, 3.731335475544600938, 1.037811962334143889, .010842458089994500
FALL26, 14533160478.75, 67.452053653308446625, 4.419542869951486697, 1.523935806353879090, .009922905979144505
EMBRYO19, 17497322727.12, 54.027463040676605383, 4.595868583320813771, 1.134329531480946960, .038366134751476148
FALL84, 19975850413.57, 41.001521060322324115, 4.636093413611893582, 2.108973852073642484, .008676449480377586
FALL91, 22593399699.87, 49.638838456384547081, 4.655953730209702660, 1.604936377825714935, .004265574304197335
FALL83, 801050691.62, 29.261716767137958594, 3.857710221804381846, 1.269353959319240342, .009932989619956846
FALL25, 934041684.13, 34.812597513650342063, 3.884484747312989045, 1.081638859648509744, .006892683907176627
FALL4, 953774355.38, 17.847604208296181465, 3.900669597713615023, 1.013084120443460742, .004149249248236231
FALL15, 1062787066.43, 27.812842896711741827, 3.930908089170579029, 1.211007990451105488, .007692495161284571
FALL56, 36044624621.64, 33.631167881683531249, 4.693790908314553990, 1.621701204141900235, .008061112828402043
FALL82, 2028230156.41, 40.238621061446343225, 4.064883428007824725, 1.104903604873520837, .010248868379872428
FALL35, 2038815948.20, 48.443676692028082165, 4.109726813189358372, 1.092876475274756338, .010911524590300658
FALL2, 1677925257.30, 73.201292093511426058, 3.977730169020344287, 1.238110129137534918, .006473416278324071
FALL23, 1743856912.71, 30.850553898599865347, 4.023222972773082941, 1.050726994686127082, .011307552193612805
FALL38, 4101210846.50, 29.489901205707080910, 4.177875198381846634, 1.066115531939275688, .009680607732271768
FALL27, 6194063037.94, 61.193478475412416909, 4.215725849611893582, 1.197425260869899262, .008978442284239533
FALL93, 8567385442.73, 83.979522602755227721, 4.338591872716744913, 1.464228562471816600, .007674674449532430
FALL20, 8366623213.76, 36.472280027643575361, 4.305294592521126760, 1.172342958455791244, .007654548278454974
FALL43, 11722250167.63, 40.392976339584056212, 4.375688161579029733, 1.429435242232436204, .008477818229372655
