Name, Epoch, Angle, Mtotal, Impact_velocity, Gamma
FALL93, 58038.55, 1.942899237056498588, 3.206830821446009389, .998337041363081473, .014110448792533410
FALL29, 142275.61, 32.917347259681766469, 3.249443341741784037, 1.010808185107208184, .006824277534173510
FALL74, 366076655.48, 36.014827952179488114, 3.812807501190923317, 1.021808370800586748, .005573004557802250
FALL42, 389749575.64, 48.837731795225492140, 3.861938775995305163, 1.001716896095276291, .012721919649548255
FALL78, 507898054.72, 58.597089897432905324, 3.889638385444444444, 1.052937772138195801, .007121384227591691
FALL5, 55366830.88, 43.974879111549415450, 3.424412780217527385, 1.020353428067864455, .009289884221570177
EMBRYO35, 63901304.59, 58.209209317845213725, 3.511308506383411579, 1.054980378476275951, .024747391465256190
FALL80, 6598697.86, 64.594524725600058167, 3.289051166442879499, 1.000189556158607255, .012042325489512397
FALL47, 663067208.35, 10.896110741710887724, 3.908230961153364632, 1.065727159177722824, .004757286836174714
FALL4, 69005704.32, 8.752286655615777062, 3.540094252043818466, 1.011620550277594801, .008131350073262328
FALL59, 114077618.90, 46.092901669450008001, 3.573255843061032863, 1.001611659734942779, .009280497247800339
FALL50, 129802746.11, 42.062467251011845152, 3.618235762586854459, 1.006829693334821087, .012431450705283326
FALL13, 133570148.72, 57.954027440958637203, 3.636485615374021908, 1.027896977627126673, .005018541172952077
EMBRYO12, 226523562.99, 53.382383219124685919, 3.743515424183098591, 1.062149657735367022, .028590722003618425
FALL90, 22653726.61, 58.656045008579834752, 3.352257196278560249, 1.005110467797621667, .006206450224143593
FALL85, 33059561.96, 66.157981664151932197, 3.392600381960876368, 1.020766207111813446, .011891523061100530
FALL44, 330627615.46, 37.701352697153842392, 3.775584036378716744, 1.014146328333186253, .008493682536281522
FALL70, 342400264.77, 26.666336243731305229, 3.791558707604068857, 1.038735531393627773, .004213220064398477
FALL61, 19421288973.20, 27.925298402974189935, 5.632589509697965570, 1.221961070579941505, .004997466824593261
EMBRYO29, 23494716021.44, 26.117618983746073594, 5.819960787348982785, 1.180164379180657690, .032194594516297539
FALL79, 28641057260.67, 11.969414562063328072, 5.855278920794992175, 1.492327687961633462, .002635108775999121
FALL83, 28827784078.07, 36.127471943031665294, 5.872112335262910797, 1.762520847601583708, .002866671055269424
FALL27, 29008962217.07, 31.773422098580244553, 5.911089449702660406, 1.932554830005819641, .006593896906795292
FALL33, 30270764216.00, 75.731982184596160188, 5.946206312045383410, 1.435889124276295731, .005905759151273623
FALL71, 1151529425.51, 55.784535827865527000, 3.983002403663536776, 1.013503116445684290, .009282783302899816
FALL54, 2055713778.07, 38.240655489049026634, 4.450412798866979655, 1.089331123841202608, .006027278936029901
FALL28, 2064671513.50, 28.519738780593299953, 4.487734864807511736, 1.040748088213832188, .008316459652844947
FALL21, 1568034453.36, 60.840222486222257498, 4.394966765256651016, 1.096848980442972119, .006977058121172087
FALL3, 2254101280.64, 37.864134957650333254, 4.506338804430359937, 1.166630581299516737, .004128393454251138
FALL86, 2396487740.19, 53.692503978757659409, 4.522205095172143974, 1.331176471758590668, .003508529667784808
FALL96, 1765662714.75, 40.715261417193230319, 4.423588919546165883, 1.176662451152172580, .006470346772740205
FALL53, 3142987852.20, 47.289276138059991197, 4.583409703901408449, 1.231290816583118447, .007293628932863586
EMBRYO18, 3343025242.72, 80.657593861780088237, 5.146281023264475742, 1.067012906798580366, .109374384495709548
FALL88, 2765377049.13, 42.427749067216292977, 4.549980014270735523, 1.249329719810034629, .006104404636236284
FALL24, 3878959301.40, 46.983457769150400767, 5.169521739765258215, 1.095461577065021763, .004495718882853137
FALL60, 4008388654.42, 68.740576497982601018, 5.205727793737089201, .999999460184646640, .006955041716214954
FALL72, 5324487760.67, 25.824449216795768451, 5.347459883940532080, 1.041750608641035874, .008852594182217974
FALL36, 4802742748.29, 67.277163330699147057, 5.246749709979655711, 1.255730232402066908, .007818538811366442
FALL12, 5017839051.92, 32.296697716231516002, 5.300120991679186228, 1.375332525577034969, .005075670504390589
FALL89, 6518057042.29, 42.741378089286325589, 5.412093244899843505, 1.205218242585102897, .004744735133632462
FALL65, 9099572978.33, 28.891400744492629351, 5.449314152884194053, 1.385685391537994035, .006830383959411765
FALL76, 9288653602.16, 45.873247633330188741, 5.468988651627543035, 1.640301381323611442, .003597465636995599
FALL23, 13569129671.55, 45.386807941941688355, 5.542029476785602503, 1.661477247624509823, .006528024503538157
FALL77, 13992294296.05, 38.782878365901506348, 5.575607328014084506, 1.335746525682141386, .006022276902142746
