Name, Epoch, Angle, Mtotal, Impact_velocity, Gamma
EMBRYO3, 404472720.09, 27.226421376835418596, 3.689757340851330202, 1.010391612876076061, .037140332114048787
FALL83, 431461093.46, 45.963760328167030074, 3.723532155934272299, 1.107699416079883319, .009070638755609914
EMBRYO29, 439208278.92, 23.409428648895520199, 3.789890506591549294, 1.064474436068103448, .017509305490154307
FALL23, 5599334.85, 69.292376726886937254, 3.211591567655712049, .998652974963064526, .014485767778812260
FALL28, 723342014.23, 66.369375645473860957, 3.823023888173708920, 1.092550584530613016, .008666799515192874
FALL71, 79730394.57, 15.586105089578526717, 3.333633212461658841, 1.031032556847782226, .007207721935872165
FALL77, 814684.62, 79.258475089508133388, 3.165069198006259780, 1.002921012620611467, .015668451498237766
FALL80, 171644176.78, 45.878925626520123196, 3.375976261489827855, 1.096159570996282088, .012542460535395739
FALL81, 17934535.53, 76.435899816835976456, 3.309605311226917056, 1.004464465036518881, .014228075955593943
FALL43, 225064755.92, 30.505405161564558476, 3.403007241552425664, 1.037474423572734070, .007943262573586706
EMBRYO40, 266302993.10, 50.561931288392057678, 3.466514499879499216, 1.029985827995633503, .018320205591116470
FALL87, 274364000.94, 76.421787952053462331, 3.484389237546165883, 1.063413552894345307, .005129948593015029
FALL33, 320646536.46, 50.070085223800683903, 3.552718527788732394, 1.029937034175672226, .009035429429273096
EMBRYO19, 15608553634.75, 75.254819459848626984, 5.224978021971830985, 1.340124012104763501, .058671144802573028
FALL30, 17486737216.45, 53.833569519240226077, 5.240783290541471047, 2.570825179328072423, .003015821813919552
FALL10, 17780247913.98, 40.125992723966873907, 5.271369365388106415, 1.841982865169328820, .005802301588716989
FALL88, 19366015644.18, 32.745562975536829334, 5.297512000622848199, 1.597368522203791130, .004934889289262243
FALL42, 32954791783.86, 36.218932777590231909, 5.327471981025039123, 1.184905263342938258, .005623676766184781
FALL15, 1342098574.13, 80.223334992373192665, 4.000283501420970265, 1.107377027235091764, .004510826894480382
FALL12, 1485267871.29, 32.638403817368676694, 4.026628629158059467, 1.185757680164611946, .006542725977943697
FALL92, 829828125.89, 48.463635705916571599, 3.892786010410015649, 1.004955667761132307, .007195792062843431
FALL21, 764657966.11, 26.214737873398859638, 3.864774331730829420, 1.083463241384866838, .010802815370410716
FALL82, 1883104570.21, 30.590125108379326122, 4.108371779532081376, 1.165117502517977416, .008168626081716670
FALL78, 1904535470.09, 77.944735482561821941, 4.133852575949921752, 1.108791587295505215, .006163934477509788
FALL73, 1925467310.20, 72.002676132201954198, 4.153702585237871674, 1.041602608330371382, .004778871109790430
FALL44, 2180860970.98, 13.394662809976978672, 4.182724681014084506, 1.053774066395561794, .006938562298011830
FALL66, 2611629037.43, 16.539357583419674144, 4.200539863715179968, 1.277758123089457964, .004241165011158560
FALL84, 2657673037.44, 60.291311942315452023, 4.228352968622848199, 1.140976847662165124, .006577763282622068
FALL85, 1687473598.94, 63.300960557810438402, 4.074812026660406885, 1.125074809474379815, .007434481750629467
FALL86, 1529213475.10, 10.024869827676287618, 4.044517911007824725, 1.312810577765862076, .004423093737916645
EMBRYO32, 5861043766.14, 21.064966325858683768, 4.361600191256651016, 1.142261320266576928, .014927639364173694
FALL27, 4895731594.92, 46.138709508701176324, 4.296491796550860719, 1.137556367171330296, .006198991386386175
EMBRYO21, 6840494655.44, 19.990508686571990468, 4.506037948438184663, 1.128813055530353645, .010462989678661526
EMBRYO2, 6299343989.76, 77.601789039116722247, 4.458891319887323942, 1.284928267799699200, .021819578376365682
FALL95, 7194746375.01, 70.995824509917698015, 4.537685784888888887, 1.208228921244186487, .006974444231675524
FALL53, 7385841196.85, 71.206387646535329335, 4.585886613547730828, 1.074701813463039499, .004324772531431129
FALL41, 8852438593.09, 19.960494596142024310, 4.610830136743348982, 1.088705893979565366, .005409768404207803
EMBRYO11, 9396285911.21, 39.806259572405200991, 4.653909863201877933, 1.133342288249066726, .009256674006335440
FALL2, 11347806297.72, 69.718310199544640136, 4.760313740483568074, 1.287366499590732232, .003391578505927050
FALL97, 11516428963.16, 78.763923178149641632, 4.778379185964006259, 1.029657540076122541, .003780663855721971
EMBRYO20, 11573693954.39, 26.936325814524194258, 4.893455211414710484, 1.459304595014392539, .023516313214080782
FALL38, 12374170137.58, 45.175665365299036480, 4.918422579852895147, 1.340241376433059864, .005076295911571830
