Name, Epoch, Angle, Mtotal, Impact_velocity, Gamma
EMBRYO10, 535.92, 29.479194290519018610, 3.163475671968701095, 1.008949878728947619, .015172617765098333
FALL46, 21376.07, 9.752050908991322267, 3.198628706962441314, .998086162002106907, .010990032984204374
FALL35, 304730.54, 31.641343486449186865, 3.221574805965571204, 1.001760509466699508, .007122634234859084
EMBRYO4, 375975608.22, 44.308514959631249844, 3.845634082898278559, 1.061598346617641733, .012679289172429867
EMBRYO36, 5009534.64, 5.403767482424907042, 3.354475182558685445, .998277688214152463, .025583744437771179
FALL55, 586044718.30, 47.908795218516318205, 3.928158827491392800, 1.067136420209094614, .009873443269408689
FALL73, 587443561.07, 76.494473926211938682, 3.950408154794992174, 1.012649182415717992, .005632159116274673
FALL10, 6139921.39, 35.334785569750330312, 3.387490535674491392, 1.001774299131666082, .009746256932119274
EMBRYO40, 61437695.67, 62.955343080797116850, 3.649121048435054772, 1.023860461884275532, .010867960859545163
FALL39, 718585542.38, 80.675209233352341807, 3.965617628964006258, 1.033594455190749477, .003835335523332498
FALL3, 9990011.53, 14.905763269422747522, 3.410903608439749608, 1.024591989060725425, .006864184817700878
FALL49, 14693846.95, 13.185713192845120601, 3.455074324884194052, 1.014066731218169276, .012784302821848861
FALL76, 156594974.88, 68.665933352756600842, 3.669444649258215962, 1.025659011262624660, .005538604002998011
FALL25, 18937504.83, 54.672690573808155059, 3.486892683491392800, 1.017018143642098579, .009125132744896936
FALL58, 222084527.75, 25.543131880036864814, 3.685796334865414709, 1.093985263413915307, .004436405085912289
EMBRYO9, 251755219.37, 58.927690315708846101, 3.796874176308294208, 1.047428213653706089, .029255075696964691
FALL64, 29469298.13, 27.778178149565187635, 3.609462543704225351, 1.014644354736473588, .009425906775332181
FALL51, 22611596275.14, 43.161632349178142162, 5.927590131408450703, 2.018755588730133250, .003899526072756382
FALL100, 32995960035.53, 73.787920273180404431, 6.018075932262910797, 1.465701957880912851, .006107795508463848
FALL98, 1123664301.84, 50.487982264294525551, 4.092366205395931141, 1.044909082755970189, .007556597606575767
EMBRYO7, 1479000723.89, 28.867482417630700822, 4.336207496615023473, 1.054491386339676890, .046004925742840843
EMBRYO37, 1483272434.84, 20.391222160581652352, 4.580948493375586854, 1.107665118843828414, .053425834652564471
FALL6, 1032860737.94, 52.272978173795276235, 3.987248897425665101, 1.008421571755456860, .005425111151825762
FALL27, 1041745647.30, 80.250919144728614262, 4.029178899111111110, 1.166918642983850840, .010406587231242416
FALL69, 1082314149.93, 39.399161366949521434, 4.061441840723004694, 1.119351223451874887, .007943716264818000
EMBRYO23, 1688639184.64, 68.740578428481367397, 4.617959051040688575, 1.173556199822940506, .008014483725676671
FALL23, 4601351356.22, 22.815346656320204561, 4.692882162375586853, 1.208370158451975359, .007210111461820804
EMBRYO3, 4879456447.04, 24.599905734013630458, 5.061528403350547729, 1.089991882980524517, .072832988693257273
EMBRYO19, 5048890013.87, 59.479820803511691804, 5.157042894751173708, 1.298268576736185289, .018521174507418887
EMBRYO2, 6788603915.83, 44.261470925439349151, 5.234065754151799686, 1.751532767712980824, .007241837991211783
FALL85, 7043861472.47, 30.188543991101844637, 5.262256362384976525, 1.508609479302661644, .005357133193494825
FALL57, 6334868496.67, 69.461364565110429100, 5.196161497924882628, 1.377572764489368638, .007528365541794894
EMBRYO11, 7820566300.05, 39.961416493019422843, 5.496656260424100156, 1.034955892362478388, .042644088866111554
FALL60, 9986402007.83, 48.181423134758075388, 5.728857697632237871, 1.516382055805474253, .007140841032906725
FALL47, 8484840814.04, 52.261385831165729605, 5.570622435676056337, 1.463425030027687203, .002925987790100302
EMBRYO32, 11696675624.11, 27.735213975647240189, 5.861513245588419404, 1.120358359072653600, .022631621289000380
