Name, Epoch, Angle, Mtotal, Impact_velocity, Gamma
FALL33, 48672.31, 47.851604541337770466, 3.157542375424100156, .997958155149396919, .013322041522789660
EMBRYO4, 66853.06, 48.514736153719820909, 3.268816124982785601, .999730079304865171, .034040993834164211
FALL71, 381709882.00, 83.282597276034890392, 3.898262283937402190, 1.004599679765181869, .009526570620115389
FALL26, 454160456.26, 40.015589461874994447, 3.917409458862284819, 1.032103873345325327, .004887713454837222
FALL98, 565415510.10, 30.423139931844166625, 3.943303971312989045, 1.006448615909577590, .006566704630816799
EMBRYO38, 9200598.78, 25.049129671155405752, 3.323257213796557119, 1.011139128140622905, .016381846276526065
FALL36, 92222289.56, 38.006174107031363466, 3.497359317497652581, 1.008020520612100161, .006015878844003463
FALL32, 11112135.12, 69.103411830733277468, 3.359194038461658841, 1.003121543190440548, .010698049665765701
FALL7, 147722630.81, 9.966811620795175987, 3.579178883888888888, 1.018415016532373406, .012576517803353798
EMBRYO8, 161627360.47, 7.242529102061149098, 3.666602056128325507, 1.016816690922479899, .023843103478687663
FALL13, 182654107.11, 71.927501408693006402, 3.694414110953051642, 1.005309589007307026, .007528136799168026
FALL50, 24639891.23, 40.799358887369546638, 3.403555941248826290, 1.008918173432502441, .013033986675385821
FALL15, 15478107722.00, 67.067677692309384727, 5.782306104004694835, 1.416377348348846993, .006731951509485965
EMBRYO30, 21213067323.22, 33.204563544201385830, 6.071475627965571204, 1.068867170529830774, .027970819824322448
FALL30, 23076298246.30, 41.280828684652793420, 6.104090391776212831, 1.546697070967876708, .005343099743392939
FALL55, 33976423019.11, 31.325612448871816089, 6.166904032164319248, 1.106293812019622076, .005481927984281068
FALL45, 34105751716.30, 77.329985624362635183, 6.207445186061032863, 1.395316644118988576, .006531053062638371
FALL69, 801739099.46, 59.703577632135464848, 3.991721112267605633, 1.087821725305776169, .007771342962249334
FALL63, 1270613723.60, 65.112181388218924439, 4.252234664579029733, 1.032795937341198330, .009318567386723358
EMBRYO40, 1298676033.96, 62.926933352324944199, 4.361027857223787166, 1.008721715680544915, .024946686011155156
EMBRYO28, 1431149942.66, 22.121183105946912128, 4.449005410798122065, 1.014876202030105353, .019774656457105164
FALL48, 1445778436.96, 54.872564077941167990, 4.492140052976525821, 1.132487433026510993, .009602247851806753
FALL47, 961082940.23, 84.716802626966324133, 4.027784780327073552, 1.033759268374511135, .008953722709825237
FALL38, 1052549431.66, 22.764933313357816187, 4.043582839890453833, 1.302920288158347715, .003906945940606308
EMBRYO10, 1066873715.30, 61.769788842347038552, 4.212609929312989044, 1.000809749296080845, .040124078007614391
EMBRYO32, 2205523257.90, 35.099697363256240766, 4.720617981829420969, 1.058669069912026146, .012669211227570230
EMBRYO21, 1603400767.12, 60.168473134131333106, 4.552990309286384975, 1.047093912092775291, .013364899148971952
EMBRYO16, 1840305664.13, 41.242163968898288982, 4.660811475488262910, 1.016790719922273564, .023133560919028103
FALL41, 3194276465.24, 25.017275797682264751, 4.766554401269170578, 1.123333040987839040, .004479284341593325
FALL76, 3223491690.43, 58.007800597007796355, 4.813948469455399061, 1.071975871027412350, .009845154863402632
FALL94, 3363943737.36, 30.621462982291744109, 4.857748017226917057, 1.020075707323676437, .009016430579806258
FALL61, 3402944412.30, 50.839174395300957688, 4.878328169870109545, 1.160328444121343960, .004218689666186524
FALL17, 2880225293.80, 29.187522379268128223, 4.745203648771517996, 1.033236350715395842, .005181161602718987
FALL19, 4284634901.13, 45.779651657610108087, 4.960914243661971830, 1.316661998924036007, .003921677887611440
FALL40, 7089308328.39, 62.414690929116008587, 5.084797346441314553, 1.296459816589750773, .005209156615159316
EMBRYO9, 7215251845.28, 22.404461324291759423, 5.159099886053208137, 1.092191723883188586, .014402229312920194
FALL78, 7677749606.96, 48.235819455581345559, 5.247685480067292644, 1.074552773404820836, .003363429816081574
FALL49, 6406424735.84, 23.472817314171734994, 4.992064292065727699, 1.486858234825646898, .006239913306031564
EMBRYO37, 9575893030.90, 23.321938446510705241, 5.366501602810641626, 1.027759100651219201, .013638879895553798
EMBRYO36, 11203202751.50, 51.435860283486484451, 5.587198911079812205, 1.054010301822277712, .039500528221744029
EMBRYO20, 12143411775.13, 79.874193180887392172, 5.674067695832550860, 1.590840359022814321, .015309789979513537
FALL10, 12597187446.32, 60.352273181675038243, 5.716298726377151799, 1.446457644442429346, .007387827781819072
FALL100, 12840945214.23, 61.072494860561322825, 5.743379899696400625, 1.121640001967114114, .004715197983104052
