Name, Epoch, Angle, Mtotal, Impact_velocity, Gamma
FALL20, 5681.19, 17.421092277854937761, 3.154906119657276994, 1.004623980828971767, .012497568350093347
EMBRYO32, 40559.32, 11.740533794126344712, 3.214048981195618153, .999025570581529402, .018401356632822739
FALL79, 64886.09, 56.350900725276779710, 3.253408716627543035, .997860040789883276, .012097999009223752
FALL78, 306218.66, 40.377949698770015122, 3.277209971896713614, 1.010162824184890525, .007262658014025724
FALL91, 367566561.94, 12.899392041522658916, 3.649607153785602503, 1.051317954641904343, .005499800593806167
FALL8, 371231802.44, 50.529085610195827315, 3.681619615705790296, 1.019581556508377250, .008695211689883067
FALL30, 48098781.88, 37.852000207492579862, 3.372606985084507041, 1.030228384887507669, .009398986358497721
FALL28, 497400456.81, 17.234088840772291140, 3.715768099604068856, 1.056538785405588273, .009190154762022780
FALL57, 51341295.46, 58.413589401642257838, 3.393301822228482002, 1.028550560362200053, .006098731625850249
FALL36, 53535733.79, 23.221013271787944284, 3.421929942607198747, 1.021119244608827552, .008366074366144046
FALL63, 542244928.86, 27.250050985333206146, 3.744416134934272299, 1.124255514375115418, .007650868465542858
EMBRYO15, 700338549.14, 59.534229912290493400, 3.789208818248826290, 1.009797226331390691, .011821117668602104
FALL25, 70554466.88, 77.316347917836195476, 3.466782217043818466, 1.000187955322424962, .012937724849317469
FALL38, 80449481.44, 10.651781882484430922, 3.486784105319248826, 1.015885782167187084, .005736486018799307
EMBRYO37, 90654694.33, 55.632081536258071789, 3.545758860918622847, 1.016736014636433746, .016632477816759964
FALL90, 90691887.12, 70.550601690813487583, 3.561088628748043817, 1.038306981522341131, .004304798173945055
FALL46, 133628674.62, 7.828922419297085048, 3.606230529640062597, 1.060980934092371752, .012517752406405211
FALL85, 134610135.07, 15.089151329068797497, 3.629535042189358371, 1.001315000044363885, .006420798331938272
FALL7, 24261640.67, 35.667032787624528746, 3.312992701525821595, 1.003361007899531191, .010800726971436747
FALL82, 28285382.32, 25.598336310335829650, 3.340907898034428794, 1.013557959520545809, .008355572006349133
FALL98, 15916849537.41, 14.850024940595165561, 5.627340897165884193, 1.337603015531364407, .004193581981977730
FALL64, 16278786650.01, 39.714988481026370112, 5.669801693230046948, 1.375104241967457931, .007488938477918473
FALL73, 19293499991.99, 19.426960238083790742, 5.689642555860719874, 1.104853579195877249, .003487189648766362
FALL16, 21279308154.93, 28.919735021817378084, 5.705582120291079811, 1.339760392317650711, .002793678908532956
FALL35, 22359870232.06, 9.060695100041542870, 5.746444413023474177, 1.214789184352645926, .007110882798527742
EMBRYO25, 1138681620.76, 39.358546464347732117, 3.970445169245696400, 1.045976675407060940, .026335080512724351
FALL17, 1180875017.23, 12.657488562461046709, 4.013289053200312988, 1.111595671576148711, .010675504152606872
EMBRYO21, 1204991883.28, 27.962751426981398275, 4.394291157433489827, 1.006619718214279918, .086703882510985738
FALL62, 1212450970.64, 64.681179321791175273, 4.417319085746478872, 1.122586168558260948, .005213100494407160
EMBRYO24, 1245927427.61, 74.561111779549428448, 4.510496977549295774, 1.056674250367116817, .020658010029723737
FALL59, 1470909013.95, 37.761325096078575460, 4.541284853841940531, 1.000192150913583488, .006779551884631995
EMBRYO9, 892838779.91, 38.681350429366099672, 3.832827157131455398, 1.015174427960346819, .011380199808881747
FALL23, 1024488844.56, 60.434189662035541822, 3.865883176042253520, 1.063806401376222275, .008550703009071474
FALL77, 1888270846.17, 72.564163091624301157, 4.696507874820031298, 1.041941182720999777, .009518806495187631
EMBRYO5, 1570023957.98, 71.479594391662151743, 4.614443647092331768, 1.076204880299106988, .015854304190384964
EMBRYO36, 2466257461.08, 46.012578093629818190, 4.760876900796557119, 1.091397782219562068, .013520413847658199
FALL74, 1709740837.03, 15.942619200023398116, 4.651802725151799686, 1.189839234687877510, .008031096817040709
FALL76, 3119444132.18, 39.945153203726872947, 4.950552395802816900, 1.213322675321332665, .006973166559575863
FALL83, 2759384638.17, 64.649929421256916193, 4.794586165109546165, 1.058791954693594281, .007030693191749954
FALL53, 3413816543.29, 83.683192351030533704, 4.977460693857589983, 1.051116576067796732, .005406029239939401
FALL52, 3491390352.25, 32.072264097246451267, 5.000336926779342722, 1.025417122534056990, .004574938300192123
EMBRYO33, 2901835711.83, 22.895376818038150376, 4.875630295996870109, 1.080576240439896956, .016622287984126940
FALL47, 2920173362.22, 18.570174267576128936, 4.916031369381846635, 1.127211706979921370, .008218229369305634
FALL88, 5122325230.63, 51.325710279573476754, 5.078911333688575899, 1.910175542445916956, .006312257769639640
EMBRYO14, 5385336210.57, 64.380880796809906340, 5.212856960896713614, 1.023691334459959467, .025695243166995809
FALL67, 5525608566.23, 25.790766985748489761, 5.240569011707355242, 1.394944751607618891, .005287985092299779
FALL86, 7426663644.32, 68.725525443552000295, 5.369182285884194053, 1.248970742970201527, .004292171220274737
EMBRYO34, 7737038614.20, 38.609935646380955301, 5.472949293838810640, 1.027952684982311653, .012935743791359419
EMBRYO27, 8049396045.93, 67.751081534976953499, 5.554185704588419405, 1.169518413872900143, .014626160352867382
FALL80, 10601449840.18, 38.893267574285249208, 5.580279792076682315, 1.764295437742792714, .004676125294884556
FALL19, 13424257778.46, 18.527593873368741900, 5.603742181773082941, 1.003302438677295999, .004186914553483603
