Name, Epoch, Angle, Mtotal, Impact_velocity, Gamma
EMBRYO7, 15363.48, 40.075736137124564066, 3.227026507995305163, 1.003878450912685358, .034567129501476985
EMBRYO22, 60673.72, 9.716532446346816092, 3.382300391402190922, 1.011678449002571687, .024437919377457698
FALL93, 45338116.11, 62.899395275754571990, 3.619511288134585289, 1.010923490523348450, .011380115189777456
FALL31, 4892449.96, 65.451179345083415623, 3.578320832743348982, 1.003980737959334611, .006718495512032632
FALL12, 495032993.54, 11.062142697153605057, 3.823297586411580594, 1.047669242874654553, .011526926057896342
FALL14, 504606747.62, 7.957631043015388334, 3.854990577323943661, 1.077319793550789754, .008221288814242368
FALL37, 527564025.64, 60.403859129193357162, 3.892508165463223786, 1.039553614501382177, .009638409617375956
EMBRYO21, 537240190.77, 33.884563615479693431, 3.976703374312989045, 1.020318144729984568, .021172111903948765
FALL34, 543185443.17, 62.727779387588315074, 4.008704267305164319, 1.128410928161186921, .007982852027394106
FALL10, 555930296.55, 69.603120758466641649, 4.054340645651017214, 1.004857968855821572, .011256177596918457
FALL68, 568479245.18, 42.359690957254792304, 4.087161167749608763, 1.067764039931763274, .008030151185620503
FALL35, 573924410.62, 22.125478882951069828, 4.114191092824726134, 1.052814158632726022, .006569924551907296
EMBRYO19, 577168712.81, 65.944305660966394381, 4.254649849215962440, 1.023152122800423545, .033013000216015364
EMBRYO40, 589777694.74, 52.949607555722532890, 4.359222335616588418, 1.092382336299545979, .023988793951770257
EMBRYO16, 686266487.25, 62.570576089823031639, 4.401216080395931141, 1.009893703114174151, .009541395834497427
EMBRYO28, 80794826.41, 64.598634596170624874, 3.744093728885758997, 1.001130375674881890, .033274391553525426
EMBRYO35, 1036967.44, 43.678828685151438118, 3.511219887129890452, 1.005226951941850000, .025615176603441312
FALL57, 175079215.78, 66.680671190049259604, 3.779226717830985915, 1.037936454785412706, .009296343291463290
FALL25, 2519522.42, 40.350291798916173657, 3.554279900284820031, 1.007043036966525837, .012114975286531047
FALL52, 22695642762.75, 82.948008763867574779, 5.323577653757433489, 1.241715234728936285, .005896169116285976
FALL28, 22263539768.13, 26.128513735977791692, 5.271943510028169013, 1.155268083210166047, .007674644991156015
EMBRYO2, 23152604256.56, 11.960544781135204663, 5.845287477025039123, 1.015774022706079513, .089253065022902880
FALL76, 26687225441.29, 38.458532452178383418, 5.872816510793427229, 1.841358529234843199, .004687535140557096
FALL2, 28442263268.84, 69.115228337189552060, 5.906121641059467917, 1.249103385124384220, .005639086406518952
FALL46, 33140121397.73, 38.339413763196416161, 5.943228392841940531, 1.328924746923879116, .006243534545494533
FALL92, 1282550230.43, 63.237656172067470024, 4.503783581557120500, 1.012280816116787933, .006553295584353700
EMBRYO32, 1384509469.07, 46.382139345827370809, 4.590571037255086071, 1.219006979433622093, .010350534252700445
FALL56, 857813769.13, 20.467302629072138185, 4.441069794671361501, 1.070525489774818115, .008973899559797287
FALL7, 916309972.00, 46.193256379202618481, 4.474268956499217527, 1.079272654703970590, .007420019258104023
FALL79, 1911661593.88, 10.945435323296187878, 4.629162441787167448, 1.042771855790531746, .008336584644130066
EMBRYO34, 2104852664.83, 42.742360670298953212, 4.677384448122065727, 1.203523740061393340, .010309609326881213
FALL88, 2480980049.34, 48.089906925723200726, 4.691454698439749608, 1.106714639492513948, .002999123132888489
FALL49, 3368311238.73, 25.212353994159107320, 4.724046240946791861, 1.116216480604336530, .003565762762706960
EMBRYO39, 3547112306.14, 65.521489971574554265, 4.808621030871674491, 1.201990732521226864, .017588158721992587
EMBRYO29, 3575143869.57, 45.777564688338563021, 4.887702882118935836, 1.234020391499028240, .016179758293705362
FALL53, 3625601307.08, 58.531260272797822613, 4.905424624065727699, 1.393006952168612828, .003612682551445195
FALL87, 2806564077.13, 17.427777109163110670, 4.707201412769953050, 1.006105713521221777, .003345239123927201
FALL17, 3799317924.61, 35.733558835018361421, 5.017102187377151799, 1.409485044951224155, .004171477299867426
EMBRYO20, 6877170146.37, 14.885720436858212442, 5.085670430866979654, 1.211791043461643404, .013482636049731940
FALL5, 7003972813.19, 54.886225853099760340, 5.128853573298904538, 1.139794633055926116, .008419648136107612
FALL13, 7915584521.57, 10.258663553373808563, 5.145354763372456963, 1.108071341265231792, .003207007258472675
FALL74, 9137130564.26, 49.142023227249294753, 5.176102082904538340, 1.121951314347392615, .005940245967894989
FALL80, 12560533542.77, 58.257963822112243886, 5.231483215175273865, 1.049921150228850071, .007859592487270607
