Name, Epoch, Angle, Mtotal, Impact_velocity, Gamma
FALL73, 11002.20, 44.392616662578102070, 3.132379861278560250, 1.002309979577711981, .005396023866316365
FALL41, 134060.57, 34.289444137724860009, 3.160714922131455398, 1.006798036549363938, .008964763210529330
FALL23, 40186413.10, 59.648197929500133651, 3.288544022353677620, 1.013104610231014444, .005561229012399159
FALL90, 431810766.91, 43.017951963675046653, 3.493664103959311423, 1.022540289400976720, .007534384910716014
FALL2, 561290697.24, 23.055042553975006016, 3.534067813143974960, 1.078882810685236714, .011432635511764480
FALL30, 576885562.21, 69.974447741907544570, 3.553373793336463222, 1.022959255802104679, .005433140816396010
FALL96, 745736.33, 21.421133512117552372, 3.180846444032863849, .999446075579097936, .006328982632157363
FALL64, 78595822.23, 50.145978828840372397, 3.305202862766823160, 1.032850176287346005, .005040186972861111
EMBRYO5, 8856545.15, 26.775427964707926777, 3.270255675928012518, 1.003831968194511568, .021659836710951161
FALL83, 2544218.55, 56.732804963362191206, 3.199422471979655711, 1.003299206554790849, .005806056595499538
FALL77, 283917918.79, 27.505678143608234825, 3.423806132375586854, 1.035093395870733625, .012147603776485348
FALL10, 303516828.12, 49.034460667670151445, 3.467341493849765257, 1.028287145398890057, .012555833207738503
FALL11, 14741519584.52, 58.242522594894649438, 5.614937700635367762, 1.484938824632057942, .006347899179172907
FALL100, 17313811310.66, 42.015068648039781076, 5.813213094546165883, 1.240093328841788764, .004885926620949198
EMBRYO21, 16542329979.21, 63.597068727331893921, 5.784810161932707354, 1.050683306624896175, .022215471403334449
FALL62, 25025083654.29, 20.121248799006701986, 5.839432421924882628, 1.543003901202532058, .004490047231349571
FALL46, 31075617189.06, 23.517491881762992167, 5.873932696593114240, 1.235250645988996518, .005873454199355563
FALL27, 1174699062.78, 44.678519343701483075, 3.654992715729264474, 1.035798554005511641, .009624304014590623
FALL85, 1469031755.00, 58.034003126373303763, 3.702706808931142409, 1.225437667147378446, .012886273653972235
FALL17, 1080256690.46, 39.816357175585175916, 3.619815954657276994, 1.052564147092485228, .007506787647120441
EMBRYO15, 36089409268.86, 16.158589595371847100, 5.983413499442879498, 1.223373182506636966, .018297382064334039
EMBRYO16, 1896704539.82, 85.097568252320060657, 3.897456450281690140, 1.035558020833902285, .017120635689654012
FALL47, 2365092724.25, 35.793195774838585993, 3.943324635230046948, 1.029622205106537215, .011631856158997430
EMBRYO12, 2682167301.31, 19.297470762731715877, 4.014827753151799686, 1.065767461406825488, .017809759799936608
EMBRYO20, 1835745277.84, 44.112512247659639275, 3.830729518278560249, 1.038808728943337464, .033419929215419611
EMBRYO32, 3460178631.79, 70.190057366829832126, 4.342367822253521125, 1.152036067571732058, .031439605408114595
FALL18, 3645714543.39, 44.141229108901970666, 4.376947911205007823, 1.045672626438857887, .007900502736841236
FALL1, 2802275025.85, 24.006008960857817422, 4.042713754314553990, 1.169091687551674941, .006897842107032249
FALL34, 2834392619.76, 57.977439017356965427, 4.086412036615023474, 1.111875895905347088, .010693557552639022
EMBRYO31, 4123681568.30, 24.854396496735759962, 4.600981003081377151, 1.047770516730165466, .042856310052715720
FALL35, 4426599615.72, 42.754159731192574392, 4.646882142123630672, 1.343931828886551066, .009877835856038441
FALL61, 3872888932.44, 70.582919352691480650, 4.403799934663536775, 1.040751699674517002, .006097466700784744
EMBRYO6, 5237357169.30, 73.426967221760551498, 5.074932298561815335, 1.001043279762934755, .077338053001980604
FALL58, 4789477194.85, 39.324527987205054055, 4.682446915469483567, 1.132920556664818078, .007595339356365596
FALL98, 5928831113.45, 33.061093801138813110, 5.090122947981220656, 1.464670059318838753, .002984338408845318
FALL3, 5944069361.84, 47.355464510187961362, 5.128718988771517996, 1.271602519672612015, .007525473880170085
FALL40, 6685759307.53, 67.344407431860497387, 5.190193589716744913, 1.056006364008581214, .003341962188173642
FALL82, 10287993198.69, 67.212534589424443050, 5.250139810716744913, 1.410571283162177039, .004099399179247322
FALL4, 14198549457.90, 28.421366474636750780, 5.579294642214397495, 1.489181806231304379, .003927667719956847
