Name, Epoch, Angle, Mtotal, Impact_velocity, Gamma
FALL78, 21359.65, 50.760316690370987915, 3.140319358610328638, 1.001898063291031180, .007910626590726560
FALL77, 29394.20, 26.870921859533007318, 3.178128347059467918, 1.001503411953523794, .011896621004661965
EMBRYO39, 399801574.07, 41.066959203400539515, 3.786880503356807511, 1.068134019196675529, .020103606978225245
FALL44, 511327321.03, 45.377341552854440548, 3.819402442679186227, 1.015372825941569397, .008514928659363974
FALL14, 6327348.34, 84.769937613350610493, 3.285555978929577463, 1.004269091908119051, .013267713574666863
FALL42, 86195162.33, 20.127932454932182114, 3.519181565809076681, 1.009621490097959378, .006812146963409899
FALL23, 179109979.04, 17.128403568435701333, 3.558949906539906102, 1.034721908894113102, .011174178275064072
EMBRYO14, 208901692.01, 45.313502761693135590, 3.710750546040688574, 1.033153501001827115, .040908338518755050
EMBRYO1, 20977295.20, 48.290692705670240393, 3.458438197773082941, 1.011611829983529897, .049988523417920533
FALL59, 2375501.76, 35.198432672374209283, 3.241964163262910797, 1.007256012206092470, .012840057241727471
FALL57, 33731091.67, 41.740173503285354779, 3.495208383790297339, 1.035319358203290812, .010520169894479920
EMBRYO40, 14795219190.38, 57.402252490459606721, 5.784130510666666666, 1.088579055386314890, .022935450122228608
FALL29, 22185080557.75, 44.419206295119072955, 5.827385653541471048, 1.430989650026572526, .007422735587336164
FALL79, 29138533403.46, 68.473832463231814493, 5.854061631179968700, 1.372622857623633615, .004556832386546961
FALL3, 32668408586.00, 32.457632727192603802, 5.919771676478873239, 1.736642766405482227, .006828637026411037
FALL26, 32506640888.12, 43.356407126840997981, 5.879347704420970265, 1.581392018297653127, .004300829702393317
FALL20, 1273237030.06, 63.457812015806923591, 4.072381387979655711, 1.054014131588628258, .010765336399440006
FALL76, 980658327.43, 77.676862888064415814, 3.861074833269170578, 1.057127066738075169, .010792950768763099
FALL89, 1045727428.28, 47.737801467897958714, 3.947909732708920187, 1.080452685588523270, .010391985263041276
FALL17, 1104182378.22, 18.720720674815635263, 3.982898410996870109, 1.183020717412334436, .008784727772563936
FALL86, 35427574949.65, 41.647098899824866871, 5.966958179974960875, 1.799290153821465952, .007907966181643441
FALL12, 1925636946.57, 52.500761644197006618, 4.142571062746478872, 1.315754656795308173, .005157611854866510
FALL52, 2040904693.66, 44.550100253856827283, 4.165235836809076681, 1.031108799215362326, .005441414351421468
FALL67, 2386484868.70, 24.606152073424821465, 4.184471331683881063, 1.138733197847677740, .004596875769982581
EMBRYO38, 3525675480.71, 37.751392275693036638, 4.602905136181533646, 1.028732115160285837, .044283214475015573
EMBRYO3, 2809705136.16, 5.841356020203776351, 4.337527682342723003, 1.040627939406981773, .035286541519310952
FALL80, 2919298688.54, 27.516808712238060962, 4.381742187553990609, 1.182379922459909721, .010090622249590731
FALL43, 4302783805.47, 64.586298939554234680, 4.732688378410015649, 1.151222229623661201, .008720846373815360
FALL68, 4449161608.95, 20.107606132080447111, 4.760209640957746478, 1.003689033631996347, .005781523214727293
FALL39, 5545012365.28, 55.649782953743298682, 4.841772570851330203, 1.002583754078081264, .003851643710483188
FALL95, 5669728587.84, 32.665314617984195739, 4.871553397610328637, 1.387823439011590073, .006113209550785597
FALL30, 4918967791.42, 54.618475634040219386, 4.790900997597809075, 1.539853130745487596, .006406176344585591
EMBRYO10, 7726766897.34, 56.571635517064640583, 5.515113944674491392, 1.037522717586784956, .080406084946569762
EMBRYO6, 6554998329.65, 18.425939085090600828, 5.008572047805946791, 1.041473760057487441, .027356829229216248
FALL63, 9425898364.05, 57.980323851392090714, 5.585497208996870109, 1.791253836112739341, .002928876236103529
FALL7, 11663989541.64, 10.838723671857281151, 5.607679533948356807, 1.266449112561053259, .003955704817664263
FALL74, 12018426344.12, 58.954005572477880313, 5.651468873837245696, 1.303769298148146419, .007748311255311201
